  double point
           k_m     1.000000000000000         1.000000         0.000000    
         zfac1    0.6633248031340121        5.7800000E-02     0.000000    
         zfac2    9.5262211486676476E-02    5.7800000E-02     0.000000    
         zfac3   -0.1730925325681315        5.7800000E-02     0.000000    
         zfac4   -0.3301298197513149        5.7800000E-02     0.000000    
         zfac5   -0.2280624715140138        5.7800000E-02     0.000000    
         zfac6    1.5317639369628027E-02    5.7800000E-02     0.000000    
         zfac7   -0.3656729858428893        5.7800000E-02     0.000000    
         zfac8    0.3585805163431713        5.7800000E-02     0.000000    
         zfac9   -0.4820827153089965        5.7800000E-02     0.000000    
        zfac10   -0.3939023510429931        5.7800000E-02     0.000000    
        zfac11    0.6069351187146107        5.7800000E-02     0.000000    
        zfac12   -2.3320790249775087E-02    5.7800000E-02     0.000000    
        zfac13    0.1787703306756644        5.7800000E-02     0.000000    
        zfac14    0.1213531235800727        5.7800000E-02     0.000000    
        zfac15   -7.2905713686972323E-02    5.7800000E-02     0.000000    
        zfac16   -0.4123424639153114        5.7800000E-02     0.000000    
        zfac17   -0.2363868038493080        5.7800000E-02     0.000000    
        zfac18    0.1090366977147353        5.7800000E-02     0.000000    
        zfac19   -3.4537343982958477E-02    5.7800000E-02     0.000000    
        zfac20   -0.2091216663655536        5.7800000E-02     0.000000    
        zfac21   -9.3531640230553631E-02    5.7800000E-02     0.000000    
        zfac22    0.1785376432456506        5.7800000E-02     0.000000    
        zfac23    0.4591660458667959        5.7800000E-02     0.000000    
        zfac24    0.1021882126599740        5.7800000E-02     0.000000    
        zfac25   -0.2292587198374222        5.7800000E-02     0.000000    
        zfac26   -0.5007129653851903        5.7800000E-02     0.000000    
        zfac27   -0.2110766412539274        5.7800000E-02     0.000000    
        zfac28    0.5384111890386073        5.7800000E-02     0.000000    
        zfac29    9.9743716667275092E-02    5.7800000E-02     0.000000    
        zfac30   -0.1156211650766955        5.7800000E-02     0.000000    
        zfac31    2.4995460647214533E-02    5.7800000E-02     0.000000    
        zfac32    0.7275854483422614        5.7800000E-02     0.000000    
        zfac33   -0.3258268224706056        5.7800000E-02     0.000000    
        zfac34    0.1139568319422803        5.7800000E-02     0.000000    
        zfac35    0.3496713846475606        5.7800000E-02     0.000000    
        zfac36    0.2299554240388564        5.7800000E-02     0.000000    
        zfac37   -0.4068424600192906        5.7800000E-02     0.000000    
        zfac38    0.2167926625317197        5.7800000E-02     0.000000    
        zfac39   -0.2404307123280623        5.7800000E-02     0.000000    
        zfac40   -0.3202055225008132        5.7800000E-02     0.000000    
        zfac41   -0.8345089534424396        5.7800000E-02     0.000000    
        zfac42    3.8293075924294116E-02    5.7800000E-02     0.000000    
        zfac43     1.258264948323135        5.7800000E-02     0.000000    
        zfac44    0.4380607849449706        5.7800000E-02     0.000000    
        zfac45   -0.2523991643584256        5.7800000E-02     0.000000    
        zfac46   -0.1923029344703980        5.7800000E-02     0.000000    
        zfac47   -0.5297754989555190        5.7800000E-02     0.000000    
        zfac48   -1.9732151521816607E-02    5.7800000E-02     0.000000    
        zfac49   -0.3607703132093945        5.7800000E-02     0.000000    
        zfac50     1.528663324478796        5.7800000E-02     0.000000    
        zfac51   -0.6712787154653633        5.7800000E-02     0.000000    
        zfac52    2.6360510827058824E-03    5.7800000E-02     0.000000    
        zfac53    0.3928819732682854        5.7800000E-02     0.000000    
        zfac54    0.1448358481838512        5.7800000E-02     0.000000    
        zfac55   -0.3455278687612803        5.7800000E-02     0.000000    
        zfac56   -0.3965301184765225        5.7800000E-02     0.000000    
        zfac57    7.8970648520252595E-02    5.7800000E-02     0.000000    
        zfac58   -0.1853668423784083        5.7800000E-02     0.000000    
        zfac59   -0.1437560266913322        5.7800000E-02     0.000000    
        zfac60    4.1554328062920413E-02    5.7800000E-02     0.000000    
        zfac61   -0.2086212489953287        5.7800000E-02     0.000000    
        zfac62   -0.2555792706994637        5.7800000E-02     0.000000    
        zfac63    8.5075523969870240E-02    5.7800000E-02     0.000000    
        zfac64   -0.1995426551641696        5.7800000E-02     0.000000    
        zfac65    0.2047508978704187        5.7800000E-02     0.000000    
        zfac66    0.8300163924672129        5.7800000E-02     0.000000    
        zfac67     1.015159084764739        5.7800000E-02     0.000000    
        zfac68   -0.1097558321140311        5.7800000E-02     0.000000    
        zfac69    0.5863915043522405        5.7800000E-02     0.000000    
        zfac70   -0.1031741616838408        5.7800000E-02     0.000000    
        zfac71    5.5829961589534606E-02    5.7800000E-02     0.000000    
        zfac72   -0.1902712691879412        5.7800000E-02     0.000000    
        zfac73    0.1350092310252301        5.7800000E-02     0.000000    
        zfac74    0.1896983661935951        5.7800000E-02     0.000000    
        zfac75    0.7125131391120088        5.7800000E-02     0.000000    
        zfac76    0.2376448338426056        5.7800000E-02     0.000000    
        zfac77   -0.4106454556825606        5.7800000E-02     0.000000    
        zfac78   -0.2129427450491695        5.7800000E-02     0.000000    
        zfac79   -0.6958683391662457        5.7800000E-02     0.000000    
        zfac80   -0.6140343979232525        5.7800000E-02     0.000000    
        zfac81   -0.6271038233435641        5.7800000E-02     0.000000    
        zfac82   -0.2070008269203460        5.7800000E-02     0.000000    
        zfac83   -0.1527487301804152        5.7800000E-02     0.000000    
        zfac84   -0.1137045561688062        5.7800000E-02     0.000000    
        zfac85    0.1548703732806679        5.7800000E-02     0.000000    
        zfac86    0.7956471588985901        5.7800000E-02     0.000000    
        zfac87   -0.3447414313416263        5.7800000E-02     0.000000    
        zfac88   -0.7985069717723702        5.7800000E-02     0.000000    
        zfac89   -0.6678282817382527        5.7800000E-02     0.000000    
        zfac90   -5.3172032855276823E-02    5.7800000E-02     0.000000    
        zfac91   -0.2198693888282526        5.7800000E-02     0.000000    
        zfac92   -6.3529231085034610E-02    5.7800000E-02     0.000000    
        zfac93    0.3011869323142197        5.7800000E-02     0.000000    
        zfac94    0.4474734728732007        5.7800000E-02     0.000000    
        zfac95    0.2729096393139775        5.7800000E-02     0.000000    
        zfac96    3.9655136414882358E-02    5.7800000E-02     0.000000    
        zfac97    0.4078501436401315        5.7800000E-02     0.000000    
        zfac98   -0.1778542388305882        5.7800000E-02     0.000000    
        zfac99   -0.5345340205021107        5.7800000E-02     0.000000    
       zfac100    9.9511629650541528E-02    5.7800000E-02     0.000000    
       zfac101    0.3667150490385381        5.7800000E-02     0.000000    
       zfac102   -0.3448585354670761        5.7800000E-02     0.000000    
       zfac103   -0.2689115262489619        5.7800000E-02     0.000000    
       zfac104    4.6417297270153979E-02    5.7800000E-02     0.000000    
       zfac105    0.2183436316715398        5.7800000E-02     0.000000    
       zfac106   -0.2339932779449827        5.7800000E-02     0.000000    
       zfac107   -0.3595030868009862        5.7800000E-02     0.000000    
       zfac108   -7.2044208060190310E-02    5.7800000E-02     0.000000    
       zfac109   -5.2429196941868508E-03    5.7800000E-02     0.000000    
       zfac110    3.8017849123655710E-02    5.7800000E-02     0.000000    
       zfac111   -1.7012392249619378E-02    5.7800000E-02     0.000000    
       zfac112    0.1714015595090969        5.7800000E-02     0.000000    
       zfac113    0.6216119389795519        5.7800000E-02     0.000000    
       zfac114    5.4545099097674743E-02    5.7800000E-02     0.000000    
       zfac115   -0.1435838074775432        5.7800000E-02     0.000000    
       zfac116    0.4839356859642024        5.7800000E-02     0.000000    
       zfac117   -0.1643739066533391        5.7800000E-02     0.000000    
       zfac118   -8.4350270253269910E-02    5.7800000E-02     0.000000    
       zfac119   -0.1113881607581142        5.7800000E-02     0.000000    
       zfac120   -1.9316183569377164E-02    5.7800000E-02     0.000000    
       zfac121   -0.2803599776703460        5.7800000E-02     0.000000    
       zfac122   -6.9377449607664371E-02    5.7800000E-02     0.000000    
       zfac123   -0.1547953433255191        5.7800000E-02     0.000000    
       zfac124    0.2298737455875381        5.7800000E-02     0.000000    
       zfac125   -4.5491547623702423E-02    5.7800000E-02     0.000000    
       zfac126   -0.2799083817810727        5.7800000E-02     0.000000    
       zfac127    1.5851853694396192E-02    5.7800000E-02     0.000000    
       zfac128   -0.1508447920384429        5.7800000E-02     0.000000    
       zfac129    0.4384129926025035        5.7800000E-02     0.000000    
       zfac130    0.4125932057397197        5.7800000E-02     0.000000    
       zfac131   -3.5284147585882351E-02    5.7800000E-02     0.000000    
       zfac132    0.1222231545774152        5.7800000E-02     0.000000    
       zfac133   -9.3744702152906575E-02    5.7800000E-02     0.000000    
       zfac134    0.6932575418659169        5.7800000E-02     0.000000    
       zfac135   -0.2204008284686159        5.7800000E-02     0.000000    
       zfac136   -0.1701246799391868        5.7800000E-02     0.000000    
       zfac137   -0.4722104370651903        5.7800000E-02     0.000000    
       zfac138   -0.1264305543682180        5.7800000E-02     0.000000    
       zfac139   -0.4378227548757094        5.7800000E-02     0.000000    
       zfac140   -0.2697429715263495        5.7800000E-02     0.000000    
       zfac141   -0.2855923676369550        5.7800000E-02     0.000000    
       zfac142    0.3940108854022942        5.7800000E-02     0.000000    
       zfac143   -0.3001387705251038        5.7800000E-02     0.000000    
       zfac144   -0.4543771673455883        5.7800000E-02     0.000000    
       zfac145    0.3351093107969187        5.7800000E-02     0.000000    
       zfac146   -0.3013317649046886        5.7800000E-02     0.000000    
       zfac147    -1.006960227037682        5.7800000E-02     0.000000    
       zfac148   -3.0987905980622839E-02    5.7800000E-02     0.000000    
       zfac149   -0.4537542452829931        5.7800000E-02     0.000000    
       zfac150   -0.1005936611935294        5.7800000E-02     0.000000    
       zfac151    0.6973763916101487        5.7800000E-02     0.000000    
       zfac152   -9.8253445770069194E-03    5.7800000E-02     0.000000    
       zfac153    0.3897658352314914        5.7800000E-02     0.000000    
       zfac154   -0.3008232605190485        5.7800000E-02     0.000000    
       zfac155   -0.5342485906008650        5.7800000E-02     0.000000    
       zfac156    8.0871450869678202E-02    5.7800000E-02     0.000000    
       zfac157   -0.1138645686579758        5.7800000E-02     0.000000    
       zfac158   -0.1569889452763841        5.7800000E-02     0.000000    
       zfac159   -0.2225282474984602        5.7800000E-02     0.000000    
       zfac160    0.8681618595975243        5.7800000E-02     0.000000    
       zfac161   -7.5347939488910026E-02    5.7800000E-02     0.000000    
       zfac162   -0.2862162912435640        5.7800000E-02     0.000000    
       zfac163    0.1501121118351436        5.7800000E-02     0.000000    
       zfac164    0.1977507354226938        5.7800000E-02     0.000000    
       zfac165    0.2892650664104291        5.7800000E-02     0.000000    
       zfac166   -0.3461429141884256        5.7800000E-02     0.000000    
       zfac167    0.4554235644588011        5.7800000E-02     0.000000    
       zfac168   -0.2078289827418339        5.7800000E-02     0.000000    
       zfac169    5.0299007118695498E-02    5.7800000E-02     0.000000    
       zfac170   -0.3519733004372664        5.7800000E-02     0.000000    
       zfac171    0.1204758081368131        5.7800000E-02     0.000000    
       zfac172   -0.2622327561739446        5.7800000E-02     0.000000    
       zfac173   -0.3312242584292215        5.7800000E-02     0.000000    
       zfac174   -0.2330120850763668        5.7800000E-02     0.000000    
       zfac175    0.2861007000696228        5.7800000E-02     0.000000    
       zfac176   -0.2886973086883737        5.7800000E-02     0.000000    
       zfac177    7.6113984063918685E-02    5.7800000E-02     0.000000    
       zfac178    0.5430019780314550        5.7800000E-02     0.000000    
       zfac179   -8.4008807565432525E-02    5.7800000E-02     0.000000    
       zfac180   -0.2451632747114533        5.7800000E-02     0.000000    
       zfac181   -0.1264385200150346        5.7800000E-02     0.000000    
       zfac182   -0.5326652027566090        5.7800000E-02     0.000000    
       zfac183   -0.6243206075174048        5.7800000E-02     0.000000    
       zfac184    0.4337590266653720        5.7800000E-02     0.000000    
       zfac185    9.0724963545628035E-02    5.7800000E-02     0.000000    
       zfac186    2.2995928533726642E-02    5.7800000E-02     0.000000    
       zfac187    0.5860171109932820        5.7800000E-02     0.000000    
       zfac188   -0.1528962031449481        5.7800000E-02     0.000000    
       zfac189   -0.1819621302469723        5.7800000E-02     0.000000    
       zfac190    1.2394941725072665E-02    5.7800000E-02     0.000000    
       zfac191   -0.2637395707705190        5.7800000E-02     0.000000    
       zfac192   -5.6000714431384088E-02    5.7800000E-02     0.000000    
       zfac193   -9.9332458132439447E-02    5.7800000E-02     0.000000    
       zfac194     1.196750285596049        5.7800000E-02     0.000000    
       zfac195    0.1182407002036436        5.7800000E-02     0.000000    
       zfac196   -0.6226556448924914        5.7800000E-02     0.000000    
       zfac197   -0.5096702736164014        5.7800000E-02     0.000000    
       zfac198   -0.5511949351278720        5.7800000E-02     0.000000    
       zfac199   -0.4612590402689792        5.7800000E-02     0.000000    
       zfac200   -0.1338195656620415        5.7800000E-02     0.000000    
       zfac201    2.8740177391700695E-02    5.7800000E-02     0.000000    
       zfac202   -0.5294174368912111        5.7800000E-02     0.000000    
       zfac203    0.6287461898307249        5.7800000E-02     0.000000    
       zfac204    0.2211373137046523        5.7800000E-02     0.000000    
       zfac205   -0.3286161761794983        5.7800000E-02     0.000000    
       zfac206    3.9722775118422149E-02    5.7800000E-02     0.000000    
       zfac207    6.4024183076717991E-02    5.7800000E-02     0.000000    
       zfac208   -0.1673544442244810        5.7800000E-02     0.000000    
       zfac209   -0.2297659795063495        5.7800000E-02     0.000000    
       zfac210    0.5222078373157439        5.7800000E-02     0.000000    
       zfac211    0.6437929195544499        5.7800000E-02     0.000000    
       zfac212   -0.3005620308677509        5.7800000E-02     0.000000    
       zfac213   -0.1929172861129066        5.7800000E-02     0.000000    
       zfac214   -0.3171549829593599        5.7800000E-02     0.000000    
       zfac215    0.4527357509134931        5.7800000E-02     0.000000    
       zfac216   -0.4203892539194637        5.7800000E-02     0.000000    
       zfac217   -1.5866510970000001E-02    5.7800000E-02     0.000000    
       zfac218    9.5369593221655710E-02    5.7800000E-02     0.000000    
       zfac219   -0.6107521892448616        5.7800000E-02     0.000000    
       zfac220    0.5728295824160000        5.7800000E-02     0.000000    
       zfac221   -5.0007136126833912E-02    5.7800000E-02     0.000000    
       zfac222   -0.6982531214998443        5.7800000E-02     0.000000    
       zfac223    0.4053247069820381        5.7800000E-02     0.000000    
       zfac224    0.1010418585596938        5.7800000E-02     0.000000    
       zfac225   -0.5766742036568340        5.7800000E-02     0.000000    
       zfac226    6.0761554215103805E-02    5.7800000E-02     0.000000    
       zfac227    0.4184158937422855        5.7800000E-02     0.000000    
       zfac228     1.044269880030443        5.7800000E-02     0.000000    
       zfac229   -0.1030070595284429        5.7800000E-02     0.000000    
       zfac230   -5.4465800597993080E-02    5.7800000E-02     0.000000    
       zfac231    0.4611236126682907        5.7800000E-02     0.000000    
       zfac232   -0.2953322659962111        5.7800000E-02     0.000000    
       zfac233   -0.5015338349184948        5.7800000E-02     0.000000    
       zfac234    7.6974652315820069E-02    5.7800000E-02     0.000000    
       zfac235    0.1653669199377509        5.7800000E-02     0.000000    
       zfac236    0.2372881677007630        5.7800000E-02     0.000000    
       zfac237   -0.1430117862246367        5.7800000E-02     0.000000    
       zfac238   -0.4049502008675087        5.7800000E-02     0.000000    
       zfac239    0.5627685040994516        5.7800000E-02     0.000000    
       zfac240    0.5690486931932959        5.7800000E-02     0.000000    
       zfac241    0.9322033698217371        5.7800000E-02     0.000000    
       zfac242   -0.2645279850150865        5.7800000E-02     0.000000    
       zfac243   -0.1301650489073184        5.7800000E-02     0.000000    
       zfac244    0.4188329616216021        5.7800000E-02     0.000000    
       zfac245   -0.3269489079571973        5.7800000E-02     0.000000    
       zfac246   -5.2016139921107270E-02    5.7800000E-02     0.000000    
       zfac247    0.2594474414666419        5.7800000E-02     0.000000    
       zfac248   -0.3608289917525951        5.7800000E-02     0.000000    
       zfac249    4.0434694794621105E-02    5.7800000E-02     0.000000    
       zfac250   -0.1523864514393772        5.7800000E-02     0.000000    
       zfac251   -0.1913619248833391        5.7800000E-02     0.000000    
       zfac252    0.9635827897717526        5.7800000E-02     0.000000    
       zfac253    0.7808218274221937        5.7800000E-02     0.000000    
       zfac254    0.2030486529922734        5.7800000E-02     0.000000    
       zfac255   -8.1574451178961935E-02    5.7800000E-02     0.000000    
       zfac256   -8.4821217429757786E-03    5.7800000E-02     0.000000    
       zfac257   -0.1309659069147578        5.7800000E-02     0.000000    
       zfac258    3.4685631923394467E-02    5.7800000E-02     0.000000    
       zfac259    0.4483937073862682        5.7800000E-02     0.000000    
       zfac260    0.4915709330833322        5.7800000E-02     0.000000    
       zfac261   -0.1969620760672145        5.7800000E-02     0.000000    
       zfac262   -0.2223798365515225        5.7800000E-02     0.000000    
       zfac263   -0.3290751750753114        5.7800000E-02     0.000000    
       zfac264   -0.3043167959442734        5.7800000E-02     0.000000    
       zfac265    0.4467818923170519        5.7800000E-02     0.000000    
       zfac266    0.5826092405013772        5.7800000E-02     0.000000    
       zfac267   -6.0992476444013843E-02    5.7800000E-02     0.000000    
       zfac268   -4.1217805307508654E-02    5.7800000E-02     0.000000    
       zfac269   -0.2585821020874222        5.7800000E-02     0.000000    
       zfac270   -0.5130253654017993        5.7800000E-02     0.000000    
       zfac271   -0.2604684368776990        5.7800000E-02     0.000000    
       zfac272    0.3145770063909741        5.7800000E-02     0.000000    
       zfac273    0.1687033723924844        5.7800000E-02     0.000000    
       zfac274   -6.1895175016782010E-03    5.7800000E-02     0.000000    
       zfac275   -0.3080557928627336        5.7800000E-02     0.000000    
       zfac276    0.2531859396123530        5.7800000E-02     0.000000    
       zfac277   -0.2242595569843772        5.7800000E-02     0.000000    
       zfac278   -0.1393692835544637        5.7800000E-02     0.000000    
       zfac279    0.2106001439821125        5.7800000E-02     0.000000    
       zfac280    0.4534967441287007        5.7800000E-02     0.000000    
       zfac281   -0.3624240286018512        5.7800000E-02     0.000000    
       zfac282    0.6664185666022699        5.7800000E-02     0.000000    
       zfac283   -1.7280457888910035E-02    5.7800000E-02     0.000000    
       zfac284   -0.5600188594340485        5.7800000E-02     0.000000    
       zfac285   -0.4591473636770416        5.7800000E-02     0.000000    
       zfac286   -5.1905499377179934E-02    5.7800000E-02     0.000000    
       zfac287   -0.2791110797220934        5.7800000E-02     0.000000    
       zfac288    5.3148920309064020E-02    5.7800000E-02     0.000000    
       zfac289   -0.1058029509138235        5.7800000E-02     0.000000    
       zfac290    0.7163893771885589        5.7800000E-02     0.000000    
       zfac291    2.5789270829794118E-02    5.7800000E-02     0.000000    
       zfac292   -0.5604548038937543        5.7800000E-02     0.000000    
       zfac293   -0.3076252552337370        5.7800000E-02     0.000000    
       zfac294   -0.1044036808213668        5.7800000E-02     0.000000    
       zfac295    0.2977014182962249        5.7800000E-02     0.000000    
       zfac296   -0.3714142107984429        5.7800000E-02     0.000000    
       zfac297    7.1027859668257781E-02    5.7800000E-02     0.000000    
       zfac298   -9.9767196743287198E-02    5.7800000E-02     0.000000    
       zfac299   -0.2748057532517474        5.7800000E-02     0.000000    
       zfac300   -0.1242524689611073        5.7800000E-02     0.000000    
         z_aa1   -0.1164792046407368         1.000000         0.000000    
         z_aa2    5.2339411706650997E-02     1.000000         0.000000    
         z_aa3    3.6796052901871823E-02     1.000000         0.000000    
         z_aa4    4.7325729106005403E-02     1.000000         0.000000    
         z_aa5    2.3491788478627461E-03     1.000000         0.000000    
         z_aa6    0.1765377360937812         1.000000         0.000000    
         z_aa7    0.1257200626837129         1.000000         0.000000    
         z_aa8    0.1523393901379567         1.000000         0.000000    
         z_aa9    8.5785426608966264E-02     1.000000         0.000000    
        z_aa10    4.6536128212795923E-02     1.000000         0.000000    
        z_aa11    9.2739581460620057E-02     1.000000         0.000000    
        z_aa12    3.2252541734724229E-02     1.000000         0.000000    
        z_aa13    5.9463312567123949E-02     1.000000         0.000000    
        z_aa14    6.7687837207227999E-02     1.000000         0.000000    
        z_aa15    0.1289581353101767         1.000000         0.000000    
        z_aa16    0.1251255752592135         1.000000         0.000000    
        z_aa17    0.1352691074701486         1.000000         0.000000    
        z_aa18    0.1374176691439769         1.000000         0.000000    
        z_aa19    0.1093343546530909         1.000000         0.000000    
        z_aa20    0.2668539261446786         1.000000         0.000000    
        z_aa21    4.5712567893272452E-02     1.000000         0.000000    
        z_aa22   -7.1394506354637968E-02     1.000000         0.000000    
        z_aa23    0.1081983181829165         1.000000         0.000000    
        z_aa24    5.9916873423920457E-02     1.000000         0.000000    
        z_aa25    0.1187946117820192         1.000000         0.000000    
        z_aa26    0.1173000703212252         1.000000         0.000000    
        z_aa27    4.6725898208937848E-02     1.000000         0.000000    
        z_aa28    0.1118129020981246         1.000000         0.000000    
        z_aa29    0.1988437513119830         1.000000         0.000000    
        z_aa30    0.2835220763835087         1.000000         0.000000    
        z_aa31    7.8179101154596933E-02     1.000000         0.000000    
        z_aa32    6.1056501828439469E-02     1.000000         0.000000    
        z_aa33    3.8216090044405911E-02     1.000000         0.000000    
        z_aa34    6.5231871140688527E-02     1.000000         0.000000    
        z_aa35   -0.1312546812298101         1.000000         0.000000    
        z_aa36    8.0121428191826119E-02     1.000000         0.000000    
        z_aa37    5.7462940839219032E-02     1.000000         0.000000    
        z_aa38   -0.1590528765226298         1.000000         0.000000    
        z_aa39    0.2125621137797699         1.000000         0.000000    
        z_aa40    0.1569072098703597         1.000000         0.000000    
        z_aa41    4.1498488332777098E-02     1.000000         0.000000    
        z_aa42    3.8032589228260583E-02     1.000000         0.000000    
        z_aa43   -2.7187824251759300E-02     1.000000         0.000000    
        z_aa44   -0.3121814913289290         1.000000         0.000000    
        z_aa45    3.8908063447873648E-02     1.000000         0.000000    
        z_aa46    1.3235217278785750E-02     1.000000         0.000000    
        z_aa47   -2.0557345032748090E-02     1.000000         0.000000    
        z_aa48   -8.9844407400990409E-02     1.000000         0.000000    
        z_aa49    0.2006775180259434         1.000000         0.000000    
        z_aa50    0.1344603945872213         1.000000         0.000000    
        z_aa51    4.6386479903210542E-02     1.000000         0.000000    
        z_aa52    0.1493835220377204         1.000000         0.000000    
        z_aa53   -2.9168111555745210E-02     1.000000         0.000000    
        z_aa54   -6.3016159565267654E-02     1.000000         0.000000    
        z_aa55   -0.2275010929697331         1.000000         0.000000    
        z_aa56   -9.7118041269840250E-03     1.000000         0.000000    
        z_aa57   -1.2024313769602699E-02     1.000000         0.000000    
        z_aa58   -0.1234050914581318         1.000000         0.000000    
        z_aa59    8.4928823743892268E-02     1.000000         0.000000    
        z_aa60    0.2932604601166935         1.000000         0.000000    
        z_aa61   -2.2374779537620709E-02     1.000000         0.000000    
        z_aa62   -1.6350097505552719E-02     1.000000         0.000000    
        z_aa63   -7.6812489449118726E-03     1.000000         0.000000    
        z_aa64   -0.3576680413791643         1.000000         0.000000    
        z_aa65    2.5407132038874070E-03     1.000000         0.000000    
        z_aa66   -4.7410066104381102E-02     1.000000         0.000000    
        z_aa67   -0.7395570288509871         1.000000         0.000000    
        z_aa68    5.8242425285627009E-02     1.000000         0.000000    
        z_aa69    7.6993116887559221E-02     1.000000         0.000000    
        z_aa70    0.2451889056780620         1.000000         0.000000    
        z_aa71    9.7915012953331729E-02     1.000000         0.000000    
        z_aa72   -5.7929442629750402E-02     1.000000         0.000000    
        z_aa73   -4.4869376616984043E-02     1.000000         0.000000    
        z_aa74   -7.3592466384945932E-02     1.000000         0.000000    
        z_aa75   -8.0354556198678664E-02     1.000000         0.000000    
        z_aa76   -3.1039745834686699E-02     1.000000         0.000000    
        z_aa77   -1.0101805560976510E-02     1.000000         0.000000    
        z_aa78    6.5916299211540297E-02     1.000000         0.000000    
        z_aa79    0.1323628268833558         1.000000         0.000000    
        z_aa80    0.2815839571588965         1.000000         0.000000    
        z_aa81    3.0043984425593639E-02     1.000000         0.000000    
        z_aa82   -7.5943692297776033E-03     1.000000         0.000000    
        z_aa83   -3.0955889340428980E-02     1.000000         0.000000    
        z_aa84   -8.1395978855332396E-02     1.000000         0.000000    
        z_aa85   -7.1707888466404232E-02     1.000000         0.000000    
        z_aa86   -2.8006604035672619E-02     1.000000         0.000000    
        z_aa87    3.3435134674008812E-02     1.000000         0.000000    
        z_aa88    8.9251898301305907E-02     1.000000         0.000000    
        z_aa89    0.1158061893217924         1.000000         0.000000    
        z_aa90    0.3196866201536406         1.000000         0.000000    
        z_aa91    0.2446577873311861         1.000000         0.000000    
        z_aa92   -3.7855200364446333E-02     1.000000         0.000000    
        z_aa93    1.1562615822175401E-02     1.000000         0.000000    
        z_aa94   -9.5983131219338040E-03     1.000000         0.000000    
        z_aa95   -0.3701618493825716         1.000000         0.000000    
        z_aa96    0.1996202800901663         1.000000         0.000000    
        z_aa97    7.8609413135143816E-02     1.000000         0.000000    
        z_aa98    0.3109805264269186         1.000000         0.000000    
        z_aa99    0.2307944875493597         1.000000         0.000000    
       z_aa100    0.1291992108156279         1.000000         0.000000    
        sill_m     4.000000000000000         1.000000         0.000000    
       range_m     18.71961296360000        1.0000000E-02     0.000000    
          af_m     111.5143397660000        1.0000000E-02     0.000000    
          aa_m   -0.2083226180500000         1.000000         0.000000    
