  double point
           k_m     1.000000000000000         1.000000         0.000000    
         zfac1    0.6481046385460570        5.7800000E-02     0.000000    
         zfac2    0.1346668228901419        5.7800000E-02     0.000000    
         zfac3   -0.1588153619215744        5.7800000E-02     0.000000    
         zfac4   -0.3444939814097924        5.7800000E-02     0.000000    
         zfac5   -0.2359559630430623        5.7800000E-02     0.000000    
         zfac6    7.3945014252076134E-03    5.7800000E-02     0.000000    
         zfac7   -0.3607758232896021        5.7800000E-02     0.000000    
         zfac8    0.2842075798945468        5.7800000E-02     0.000000    
         zfac9   -0.4779217091032353        5.7800000E-02     0.000000    
        zfac10   -0.3422667541549309        5.7800000E-02     0.000000    
        zfac11    0.5790628466227336        5.7800000E-02     0.000000    
        zfac12   -6.9308498960622841E-02    5.7800000E-02     0.000000    
        zfac13    0.1974516425064567        5.7800000E-02     0.000000    
        zfac14    0.1209511325191263        5.7800000E-02     0.000000    
        zfac15   -5.7149552191678207E-02    5.7800000E-02     0.000000    
        zfac16   -0.4151589768706055        5.7800000E-02     0.000000    
        zfac17   -0.2252324776373184        5.7800000E-02     0.000000    
        zfac18    0.1351549179053235        5.7800000E-02     0.000000    
        zfac19   -1.5733459584065745E-02    5.7800000E-02     0.000000    
        zfac20   -0.1982643064349308        5.7800000E-02     0.000000    
        zfac21   -0.1049279431611419        5.7800000E-02     0.000000    
        zfac22    0.1699954032346367        5.7800000E-02     0.000000    
        zfac23    0.4434788021557423        5.7800000E-02     0.000000    
        zfac24    0.1106184685805692        5.7800000E-02     0.000000    
        zfac25   -0.2807694902704844        5.7800000E-02     0.000000    
        zfac26   -0.4999683568844810        5.7800000E-02     0.000000    
        zfac27   -0.2050604274766609        5.7800000E-02     0.000000    
        zfac28    0.5226934804026575        5.7800000E-02     0.000000    
        zfac29    9.7251803636558831E-02    5.7800000E-02     0.000000    
        zfac30   -0.1109825586578893        5.7800000E-02     0.000000    
        zfac31   -6.7314370113494811E-03    5.7800000E-02     0.000000    
        zfac32    0.7262006265052440        5.7800000E-02     0.000000    
        zfac33   -0.3316396390680104        5.7800000E-02     0.000000    
        zfac34    0.1177992075956920        5.7800000E-02     0.000000    
        zfac35    0.3236729967056505        5.7800000E-02     0.000000    
        zfac36    0.1873068075016453        5.7800000E-02     0.000000    
        zfac37   -0.3968081108345329        5.7800000E-02     0.000000    
        zfac38    0.2303329797439308        5.7800000E-02     0.000000    
        zfac39   -0.3396267201808305        5.7800000E-02     0.000000    
        zfac40   -0.3021558913512457        5.7800000E-02     0.000000    
        zfac41   -0.8371219106194984        5.7800000E-02     0.000000    
        zfac42    3.0919732488818342E-02    5.7800000E-02     0.000000    
        zfac43     1.252790742989318        5.7800000E-02     0.000000    
        zfac44    0.4233596685639325        5.7800000E-02     0.000000    
        zfac45   -0.2571359648439620        5.7800000E-02     0.000000    
        zfac46   -1.8840252248788929E-02    5.7800000E-02     0.000000    
        zfac47   -0.5187457230557958        5.7800000E-02     0.000000    
        zfac48   -7.9682043775259517E-02    5.7800000E-02     0.000000    
        zfac49   -0.3577295152875259        5.7800000E-02     0.000000    
        zfac50     1.518891634648580        5.7800000E-02     0.000000    
        zfac51   -0.6836802967195156        5.7800000E-02     0.000000    
        zfac52   -3.5162744572491350E-03    5.7800000E-02     0.000000    
        zfac53    0.3946015455361471        5.7800000E-02     0.000000    
        zfac54    0.1146377686284948        5.7800000E-02     0.000000    
        zfac55   -0.3321470624261419        5.7800000E-02     0.000000    
        zfac56   -0.4088642384038927        5.7800000E-02     0.000000    
        zfac57    3.1530738064006920E-02    5.7800000E-02     0.000000    
        zfac58   -0.1722937366379758        5.7800000E-02     0.000000    
        zfac59   -8.2125877828615912E-02    5.7800000E-02     0.000000    
        zfac60    7.5360315027463667E-02    5.7800000E-02     0.000000    
        zfac61   -0.1751466680275260        5.7800000E-02     0.000000    
        zfac62   -0.2346626277608824        5.7800000E-02     0.000000    
        zfac63    4.0970794375652250E-02    5.7800000E-02     0.000000    
        zfac64   -0.2800930148160380        5.7800000E-02     0.000000    
        zfac65    0.2559187203987578        5.7800000E-02     0.000000    
        zfac66    0.8171347128224187        5.7800000E-02     0.000000    
        zfac67     1.010388773887308        5.7800000E-02     0.000000    
        zfac68   -6.1857569130588236E-02    5.7800000E-02     0.000000    
        zfac69    0.5776897499404776        5.7800000E-02     0.000000    
        zfac70   -0.1236295237946540        5.7800000E-02     0.000000    
        zfac71    5.3302482953095157E-02    5.7800000E-02     0.000000    
        zfac72   -0.1982350028469723        5.7800000E-02     0.000000    
        zfac73    0.1230600102246056        5.7800000E-02     0.000000    
        zfac74    0.1580601668981522        5.7800000E-02     0.000000    
        zfac75    0.7015746496439169        5.7800000E-02     0.000000    
        zfac76    0.2160962047785588        5.7800000E-02     0.000000    
        zfac77   -0.4068507225348962        5.7800000E-02     0.000000    
        zfac78   -0.2056808694882007        5.7800000E-02     0.000000    
        zfac79   -0.6956562968469031        5.7800000E-02     0.000000    
        zfac80   -0.6181180159807094        5.7800000E-02     0.000000    
        zfac81   -0.6268975359880969        5.7800000E-02     0.000000    
        zfac82   -0.1632650835861592        5.7800000E-02     0.000000    
        zfac83   -0.2539895678433045        5.7800000E-02     0.000000    
        zfac84   -0.1114070582246540        5.7800000E-02     0.000000    
        zfac85    0.1185376660186834        5.7800000E-02     0.000000    
        zfac86    0.7617524685823374        5.7800000E-02     0.000000    
        zfac87   -0.3354568547905017        5.7800000E-02     0.000000    
        zfac88   -0.7989931835588928        5.7800000E-02     0.000000    
        zfac89   -0.6463838962652596        5.7800000E-02     0.000000    
        zfac90   -1.3242045379429065E-02    5.7800000E-02     0.000000    
        zfac91   -0.1363449045522145        5.7800000E-02     0.000000    
        zfac92   -0.1300132970038062        5.7800000E-02     0.000000    
        zfac93    0.2630620066597059        5.7800000E-02     0.000000    
        zfac94    0.4410409157296782        5.7800000E-02     0.000000    
        zfac95    0.2566477905157163        5.7800000E-02     0.000000    
        zfac96    1.0261185305974049E-02    5.7800000E-02     0.000000    
        zfac97    0.4084475788606540        5.7800000E-02     0.000000    
        zfac98   -0.1833823149179412        5.7800000E-02     0.000000    
        zfac99   -0.5225798398307613        5.7800000E-02     0.000000    
       zfac100    9.6984969681512115E-02    5.7800000E-02     0.000000    
       zfac101    0.4250824927649723        5.7800000E-02     0.000000    
       zfac102   -0.3195616174656228        5.7800000E-02     0.000000    
       zfac103   -0.2530244705101558        5.7800000E-02     0.000000    
       zfac104    1.5934910624221456E-02    5.7800000E-02     0.000000    
       zfac105    0.1793507309344325        5.7800000E-02     0.000000    
       zfac106   -0.2060784669322492        5.7800000E-02     0.000000    
       zfac107   -0.3272399570899308        5.7800000E-02     0.000000    
       zfac108   -0.1096184190315917        5.7800000E-02     0.000000    
       zfac109    6.6816101116176467E-03    5.7800000E-02     0.000000    
       zfac110   -6.1270238676989627E-03    5.7800000E-02     0.000000    
       zfac111    6.6347555523979243E-03    5.7800000E-02     0.000000    
       zfac112    0.1276969257338235        5.7800000E-02     0.000000    
       zfac113    0.6243901817460588        5.7800000E-02     0.000000    
       zfac114   -9.2979061806539795E-02    5.7800000E-02     0.000000    
       zfac115   -0.1811590605823530        5.7800000E-02     0.000000    
       zfac116    0.4736226162883340        5.7800000E-02     0.000000    
       zfac117   -0.1383615151273010        5.7800000E-02     0.000000    
       zfac118   -8.3549051590899648E-02    5.7800000E-02     0.000000    
       zfac119   -0.1218122904172491        5.7800000E-02     0.000000    
       zfac120    6.9085962047444646E-02    5.7800000E-02     0.000000    
       zfac121   -0.2249109363407786        5.7800000E-02     0.000000    
       zfac122   -0.1871958434407439        5.7800000E-02     0.000000    
       zfac123   -0.1343974796919896        5.7800000E-02     0.000000    
       zfac124    0.2387048564338062        5.7800000E-02     0.000000    
       zfac125   -6.4959560248858142E-02    5.7800000E-02     0.000000    
       zfac126   -0.2508422327133218        5.7800000E-02     0.000000    
       zfac127    2.3670872315610728E-02    5.7800000E-02     0.000000    
       zfac128   -8.1588103281418689E-02    5.7800000E-02     0.000000    
       zfac129    0.4548733582048288        5.7800000E-02     0.000000    
       zfac130    0.3880188444757302        5.7800000E-02     0.000000    
       zfac131   -4.3384903947664366E-02    5.7800000E-02     0.000000    
       zfac132    0.1061430026281488        5.7800000E-02     0.000000    
       zfac133   -7.9733874511747418E-02    5.7800000E-02     0.000000    
       zfac134    0.6706722214735277        5.7800000E-02     0.000000    
       zfac135   -0.2166170308538408        5.7800000E-02     0.000000    
       zfac136   -0.1867543178565917        5.7800000E-02     0.000000    
       zfac137   -0.4560633525448097        5.7800000E-02     0.000000    
       zfac138   -0.1456060119271626        5.7800000E-02     0.000000    
       zfac139   -0.4406845731693426        5.7800000E-02     0.000000    
       zfac140   -0.3217584973424049        5.7800000E-02     0.000000    
       zfac141   -0.2806999738134775        5.7800000E-02     0.000000    
       zfac142    0.4024709328584689        5.7800000E-02     0.000000    
       zfac143   -0.2723546360388582        5.7800000E-02     0.000000    
       zfac144   -0.4476232736186332        5.7800000E-02     0.000000    
       zfac145    0.3268787585770243        5.7800000E-02     0.000000    
       zfac146   -0.3093505230860207        5.7800000E-02     0.000000    
       zfac147    -1.000677186930087        5.7800000E-02     0.000000    
       zfac148   -3.3823935687733564E-02    5.7800000E-02     0.000000    
       zfac149   -0.4597033428806055        5.7800000E-02     0.000000    
       zfac150   -9.4771959908200698E-02    5.7800000E-02     0.000000    
       zfac151    0.6541867300686575        5.7800000E-02     0.000000    
       zfac152   -2.3970028730173010E-02    5.7800000E-02     0.000000    
       zfac153    0.4797848033311592        5.7800000E-02     0.000000    
       zfac154   -0.2843679042649827        5.7800000E-02     0.000000    
       zfac155   -0.5091004895097059        5.7800000E-02     0.000000    
       zfac156    0.1193236787303183        5.7800000E-02     0.000000    
       zfac157   -0.1329947523448789        5.7800000E-02     0.000000    
       zfac158   -8.0835369506280272E-02    5.7800000E-02     0.000000    
       zfac159   -0.2341609563073875        5.7800000E-02     0.000000    
       zfac160    0.8520575399053650        5.7800000E-02     0.000000    
       zfac161   -7.1056170098788935E-03    5.7800000E-02     0.000000    
       zfac162   -0.2852402265895329        5.7800000E-02     0.000000    
       zfac163    0.1705277369732751        5.7800000E-02     0.000000    
       zfac164    0.1834031065644948        5.7800000E-02     0.000000    
       zfac165    0.2711490025569308        5.7800000E-02     0.000000    
       zfac166   -0.3462442073990138        5.7800000E-02     0.000000    
       zfac167    0.4176728875121436        5.7800000E-02     0.000000    
       zfac168   -0.1993335381386505        5.7800000E-02     0.000000    
       zfac169    4.5285498618986161E-02    5.7800000E-02     0.000000    
       zfac170   -0.3642775963894637        5.7800000E-02     0.000000    
       zfac171    0.1310924357781938        5.7800000E-02     0.000000    
       zfac172   -0.2964997133685122        5.7800000E-02     0.000000    
       zfac173   -0.3279214070080104        5.7800000E-02     0.000000    
       zfac174   -0.2172766474028028        5.7800000E-02     0.000000    
       zfac175    0.2667769432757440        5.7800000E-02     0.000000    
       zfac176   -0.3637632948749654        5.7800000E-02     0.000000    
       zfac177    0.1006181954118685        5.7800000E-02     0.000000    
       zfac178    0.5300183200118443        5.7800000E-02     0.000000    
       zfac179   -4.2863487179619381E-02    5.7800000E-02     0.000000    
       zfac180   -0.2820494843322146        5.7800000E-02     0.000000    
       zfac181   -4.0214036821280275E-03    5.7800000E-02     0.000000    
       zfac182   -0.5251152809918859        5.7800000E-02     0.000000    
       zfac183   -0.6013991045091004        5.7800000E-02     0.000000    
       zfac184    0.4343782579958668        5.7800000E-02     0.000000    
       zfac185    0.1345630121840865        5.7800000E-02     0.000000    
       zfac186    3.1464587544256059E-02    5.7800000E-02     0.000000    
       zfac187    0.5677630789564083        5.7800000E-02     0.000000    
       zfac188   -0.1385584279270588        5.7800000E-02     0.000000    
       zfac189   -0.2057973434454153        5.7800000E-02     0.000000    
       zfac190    8.1495221161448098E-02    5.7800000E-02     0.000000    
       zfac191   -0.2438371375140831        5.7800000E-02     0.000000    
       zfac192   -3.9832086680155712E-02    5.7800000E-02     0.000000    
       zfac193   -8.1722245108788921E-02    5.7800000E-02     0.000000    
       zfac194     1.183011043773578        5.7800000E-02     0.000000    
       zfac195    6.4260420882560551E-02    5.7800000E-02     0.000000    
       zfac196   -0.6090761691892042        5.7800000E-02     0.000000    
       zfac197   -0.4991554762219723        5.7800000E-02     0.000000    
       zfac198   -0.5645232180524913        5.7800000E-02     0.000000    
       zfac199   -0.4568459727024914        5.7800000E-02     0.000000    
       zfac200   -9.6751598954671284E-03    5.7800000E-02     0.000000    
       zfac201    8.3492217232216268E-02    5.7800000E-02     0.000000    
       zfac202   -0.5179818516237025        5.7800000E-02     0.000000    
       zfac203    0.6224461675458028        5.7800000E-02     0.000000    
       zfac204    0.2727603852536004        5.7800000E-02     0.000000    
       zfac205   -0.3319320215010727        5.7800000E-02     0.000000    
       zfac206    2.0452170219371971E-02    5.7800000E-02     0.000000    
       zfac207    9.1660752118237029E-02    5.7800000E-02     0.000000    
       zfac208   -0.2433893499896886        5.7800000E-02     0.000000    
       zfac209   -0.2950831550419378        5.7800000E-02     0.000000    
       zfac210    0.4766315518969464        5.7800000E-02     0.000000    
       zfac211    0.6077501979242198        5.7800000E-02     0.000000    
       zfac212   -0.2629402187284775        5.7800000E-02     0.000000    
       zfac213   -0.2833670501537197        5.7800000E-02     0.000000    
       zfac214   -0.3872436751036679        5.7800000E-02     0.000000    
       zfac215    0.4803355728875243        5.7800000E-02     0.000000    
       zfac216   -0.3924278168472665        5.7800000E-02     0.000000    
       zfac217    2.1714443909987891E-02    5.7800000E-02     0.000000    
       zfac218    7.0740637415756050E-02    5.7800000E-02     0.000000    
       zfac219   -0.6057539976441176        5.7800000E-02     0.000000    
       zfac220    0.5350289211056073        5.7800000E-02     0.000000    
       zfac221   -5.7495366186903117E-02    5.7800000E-02     0.000000    
       zfac222   -0.7143549627863495        5.7800000E-02     0.000000    
       zfac223    0.4091381047521246        5.7800000E-02     0.000000    
       zfac224    0.1097079622272699        5.7800000E-02     0.000000    
       zfac225   -0.5667856555187371        5.7800000E-02     0.000000    
       zfac226    3.7170808726330454E-02    5.7800000E-02     0.000000    
       zfac227    0.3923892926073859        5.7800000E-02     0.000000    
       zfac228     1.022533119566988        5.7800000E-02     0.000000    
       zfac229   -2.1634261877006924E-02    5.7800000E-02     0.000000    
       zfac230   -6.8836487584653980E-02    5.7800000E-02     0.000000    
       zfac231    0.4390782814851402        5.7800000E-02     0.000000    
       zfac232   -0.2919958142940484        5.7800000E-02     0.000000    
       zfac233   -0.4741156717608477        5.7800000E-02     0.000000    
       zfac234    0.1241258646854048        5.7800000E-02     0.000000    
       zfac235    0.1594591771232924        5.7800000E-02     0.000000    
       zfac236    0.2550053581166972        5.7800000E-02     0.000000    
       zfac237   -0.1051767295774914        5.7800000E-02     0.000000    
       zfac238   -0.3914886761275952        5.7800000E-02     0.000000    
       zfac239    0.5613442200359152        5.7800000E-02     0.000000    
       zfac240    0.5393333719408737        5.7800000E-02     0.000000    
       zfac241    0.9307638870289395        5.7800000E-02     0.000000    
       zfac242   -0.2382255619180450        5.7800000E-02     0.000000    
       zfac243   -0.1623163004202422        5.7800000E-02     0.000000    
       zfac244    0.3879554650341454        5.7800000E-02     0.000000    
       zfac245   -0.3203289286333218        5.7800000E-02     0.000000    
       zfac246   -5.8882934584602080E-02    5.7800000E-02     0.000000    
       zfac247    0.1825694227622872        5.7800000E-02     0.000000    
       zfac248   -0.3379218344813668        5.7800000E-02     0.000000    
       zfac249    7.5455145010506916E-02    5.7800000E-02     0.000000    
       zfac250   -8.5648454710467128E-02    5.7800000E-02     0.000000    
       zfac251   -0.1872730282150173        5.7800000E-02     0.000000    
       zfac252    0.9451447115770762        5.7800000E-02     0.000000    
       zfac253    0.7814174071208044        5.7800000E-02     0.000000    
       zfac254    0.2478862060297889        5.7800000E-02     0.000000    
       zfac255   -3.4366185273737027E-02    5.7800000E-02     0.000000    
       zfac256    1.0775346155257786E-02    5.7800000E-02     0.000000    
       zfac257   -0.1251247143664533        5.7800000E-02     0.000000    
       zfac258    0.1580805410398339        5.7800000E-02     0.000000    
       zfac259    0.3795750979349862        5.7800000E-02     0.000000    
       zfac260    0.4608190214218270        5.7800000E-02     0.000000    
       zfac261   -0.1880117334089965        5.7800000E-02     0.000000    
       zfac262   -0.1173259639357267        5.7800000E-02     0.000000    
       zfac263   -0.3076877211617128        5.7800000E-02     0.000000    
       zfac264   -0.3138330261853114        5.7800000E-02     0.000000    
       zfac265    0.4686460455821834        5.7800000E-02     0.000000    
       zfac266    0.5290877037615416        5.7800000E-02     0.000000    
       zfac267   -0.1078210544233564        5.7800000E-02     0.000000    
       zfac268   -5.4505152150951558E-02    5.7800000E-02     0.000000    
       zfac269   -0.2674354449644810        5.7800000E-02     0.000000    
       zfac270   -0.5150395016518340        5.7800000E-02     0.000000    
       zfac271   -0.1216482486150000        5.7800000E-02     0.000000    
       zfac272    0.2422776196347768        5.7800000E-02     0.000000    
       zfac273    0.1642141412176159        5.7800000E-02     0.000000    
       zfac274    1.5637628594117648E-02    5.7800000E-02     0.000000    
       zfac275   -0.3035172194739447        5.7800000E-02     0.000000    
       zfac276    0.2569850037139256        5.7800000E-02     0.000000    
       zfac277   -0.1333195528172665        5.7800000E-02     0.000000    
       zfac278   -0.1206868366716436        5.7800000E-02     0.000000    
       zfac279    0.2030648719197509        5.7800000E-02     0.000000    
       zfac280    0.4423023134300589        5.7800000E-02     0.000000    
       zfac281   -0.3435026501792734        5.7800000E-02     0.000000    
       zfac282    0.6485869753237388        5.7800000E-02     0.000000    
       zfac283   -3.5366309560847756E-02    5.7800000E-02     0.000000    
       zfac284   -0.5732939746738928        5.7800000E-02     0.000000    
       zfac285   -0.4054658604320242        5.7800000E-02     0.000000    
       zfac286    8.9225067173477526E-03    5.7800000E-02     0.000000    
       zfac287   -0.2671731528902941        5.7800000E-02     0.000000    
       zfac288    6.3002758429153982E-02    5.7800000E-02     0.000000    
       zfac289   -8.2474948898788921E-03    5.7800000E-02     0.000000    
       zfac290    0.7059707615720415        5.7800000E-02     0.000000    
       zfac291   -3.2248983128252598E-02    5.7800000E-02     0.000000    
       zfac292   -0.5581764971527163        5.7800000E-02     0.000000    
       zfac293   -0.3753124281203634        5.7800000E-02     0.000000    
       zfac294   -7.9239103470743949E-02    5.7800000E-02     0.000000    
       zfac295    0.2871638686307180        5.7800000E-02     0.000000    
       zfac296   -0.3661041396993080        5.7800000E-02     0.000000    
       zfac297    0.1263320119989671        5.7800000E-02     0.000000    
       zfac298   -0.1085830662118685        5.7800000E-02     0.000000    
       zfac299   -0.3515075489897578        5.7800000E-02     0.000000    
       zfac300   -0.1255595717795156        5.7800000E-02     0.000000    
         z_aa1   -3.1742958222889153E-02     1.000000         0.000000    
         z_aa2    3.7240453314456551E-02     1.000000         0.000000    
         z_aa3    1.7506196664051149E-02     1.000000         0.000000    
         z_aa4    1.8852990014461880E-02     1.000000         0.000000    
         z_aa5    4.7158128380167662E-02     1.000000         0.000000    
         z_aa6    0.1377410634690769         1.000000         0.000000    
         z_aa7    9.0039686281271625E-02     1.000000         0.000000    
         z_aa8    0.1232825290139435         1.000000         0.000000    
         z_aa9   -0.1237568914339983         1.000000         0.000000    
        z_aa10    0.3621073425966883         1.000000         0.000000    
        z_aa11    3.9389771075450081E-02     1.000000         0.000000    
        z_aa12    9.8925084728911858E-03     1.000000         0.000000    
        z_aa13    4.8281609361379610E-02     1.000000         0.000000    
        z_aa14    3.9574249045827167E-02     1.000000         0.000000    
        z_aa15    9.7738629140173283E-02     1.000000         0.000000    
        z_aa16    9.3467581491814125E-02     1.000000         0.000000    
        z_aa17    0.1065067243180278         1.000000         0.000000    
        z_aa18    0.1263387165195864         1.000000         0.000000    
        z_aa19    0.1197378283115636         1.000000         0.000000    
        z_aa20    0.2681247951091716         1.000000         0.000000    
        z_aa21    3.5222030469145731E-02     1.000000         0.000000    
        z_aa22    0.3036054936453620         1.000000         0.000000    
        z_aa23    9.4000982159768140E-02     1.000000         0.000000    
        z_aa24    3.3688746716877591E-02     1.000000         0.000000    
        z_aa25    9.6153443804583016E-02     1.000000         0.000000    
        z_aa26    9.6137329187767379E-02     1.000000         0.000000    
        z_aa27    0.1779040416237708         1.000000         0.000000    
        z_aa28    0.1181573197132995         1.000000         0.000000    
        z_aa29    0.1952433385630296         1.000000         0.000000    
        z_aa30    0.3043544933527441         1.000000         0.000000    
        z_aa31    7.3608394876774508E-02     1.000000         0.000000    
        z_aa32    5.3571318846702722E-02     1.000000         0.000000    
        z_aa33    2.5981593030939401E-02     1.000000         0.000000    
        z_aa34    1.2910151459451690E-02     1.000000         0.000000    
        z_aa35   -9.2230969933058321E-02     1.000000         0.000000    
        z_aa36    8.3705711850489639E-02     1.000000         0.000000    
        z_aa37    5.5595832990026912E-02     1.000000         0.000000    
        z_aa38   -0.1242504225619947         1.000000         0.000000    
        z_aa39    0.2187173722955561         1.000000         0.000000    
        z_aa40   -3.2025584347486619E-02     1.000000         0.000000    
        z_aa41    5.1077567754130901E-02     1.000000         0.000000    
        z_aa42   -2.3643834682039969E-02     1.000000         0.000000    
        z_aa43   -1.3719439071099510E-02     1.000000         0.000000    
        z_aa44   -0.2857575243657599         1.000000         0.000000    
        z_aa45   -4.5489582387841510E-03     1.000000         0.000000    
        z_aa46    2.2090430069694651E-02     1.000000         0.000000    
        z_aa47   -0.1050966042279081         1.000000         0.000000    
        z_aa48   -5.8038693048986172E-02     1.000000         0.000000    
        z_aa49    0.2077475821940693         1.000000         0.000000    
        z_aa50    0.1573444416966391         1.000000         0.000000    
        z_aa51    4.1603635660638447E-02     1.000000         0.000000    
        z_aa52    9.7622404651789813E-02     1.000000         0.000000    
        z_aa53   -1.0343891848519599E-02     1.000000         0.000000    
        z_aa54   -4.9866708038403963E-02     1.000000         0.000000    
        z_aa55   -0.2134270472225978         1.000000         0.000000    
        z_aa56   -6.3518272961199385E-02     1.000000         0.000000    
        z_aa57    1.6568892477146900E-02     1.000000         0.000000    
        z_aa58   -0.1162801195698279         1.000000         0.000000    
        z_aa59    0.1078667151305141         1.000000         0.000000    
        z_aa60    0.2904725735182852         1.000000         0.000000    
        z_aa61    4.1363621319646238E-04     1.000000         0.000000    
        z_aa62   -0.1018842693936001         1.000000         0.000000    
        z_aa63   -2.2352655787351020E-02     1.000000         0.000000    
        z_aa64   -0.3525345078169436         1.000000         0.000000    
        z_aa65   -1.0522535913177460E-02     1.000000         0.000000    
        z_aa66   -0.1012488308391084         1.000000         0.000000    
        z_aa67   -0.7257107040388995         1.000000         0.000000    
        z_aa68    6.9609572325077015E-02     1.000000         0.000000    
        z_aa69    9.2417715056313368E-02     1.000000         0.000000    
        z_aa70    0.3356063534112279         1.000000         0.000000    
        z_aa71    7.3622019781586973E-02     1.000000         0.000000    
        z_aa72   -0.1822888114585141         1.000000         0.000000    
        z_aa73   -6.2303558791061163E-02     1.000000         0.000000    
        z_aa74   -8.2563632615500315E-02     1.000000         0.000000    
        z_aa75   -0.1450005653275340         1.000000         0.000000    
        z_aa76   -1.0918716612667001E-02     1.000000         0.000000    
        z_aa77    8.0122180337825859E-03     1.000000         0.000000    
        z_aa78    8.2678241635807587E-02     1.000000         0.000000    
        z_aa79    0.2425690750743734         1.000000         0.000000    
        z_aa80    0.3532253230627046         1.000000         0.000000    
        z_aa81    6.1797563663797822E-02     1.000000         0.000000    
        z_aa82   -2.5782761322236631E-02     1.000000         0.000000    
        z_aa83   -9.9744716750172456E-03     1.000000         0.000000    
        z_aa84   -4.5817532549337632E-02     1.000000         0.000000    
        z_aa85   -2.8473147007368690E-02     1.000000         0.000000    
        z_aa86   -1.0895228721194821E-02     1.000000         0.000000    
        z_aa87    5.7974305848800520E-02     1.000000         0.000000    
        z_aa88    0.1853541603317514         1.000000         0.000000    
        z_aa89    0.2027239320846712         1.000000         0.000000    
        z_aa90    0.4007706193498761         1.000000         0.000000    
        z_aa91    0.2469165510015219         1.000000         0.000000    
        z_aa92    0.2251764307774415         1.000000         0.000000    
        z_aa93    2.8255927493100252E-02     1.000000         0.000000    
        z_aa94    3.8465714349931873E-02     1.000000         0.000000    
        z_aa95   -0.3481445435841528         1.000000         0.000000    
        z_aa96    0.1921018657513534         1.000000         0.000000    
        z_aa97    0.1578645740621870         1.000000         0.000000    
        z_aa98    0.3170033232912218         1.000000         0.000000    
        z_aa99    0.2676334714806518         1.000000         0.000000    
       z_aa100    0.3208501430187901         1.000000         0.000000    
        sill_m     4.000000000000000         1.000000         0.000000    
       range_m     18.54617378540000        1.0000000E-02     0.000000    
          af_m     111.2445261340000        1.0000000E-02     0.000000    
          aa_m   -0.2010658109800000         1.000000         0.000000    
