  double point
           k_m     1.000000000000000         1.000000         0.000000    
         zfac1    0.6669221506912266        5.7800000E-02     0.000000    
         zfac2    6.3308382863896187E-02    5.7800000E-02     0.000000    
         zfac3   -0.1746336718924914        5.7800000E-02     0.000000    
         zfac4   -0.3260071340506575        5.7800000E-02     0.000000    
         zfac5   -0.2313898535556055        5.7800000E-02     0.000000    
         zfac6    2.1781019007842562E-02    5.7800000E-02     0.000000    
         zfac7   -0.3702505171583737        5.7800000E-02     0.000000    
         zfac8    0.3591878127342059        5.7800000E-02     0.000000    
         zfac9   -0.4822756010214707        5.7800000E-02     0.000000    
        zfac10   -0.3936423414765917        5.7800000E-02     0.000000    
        zfac11    0.6100033774952681        5.7800000E-02     0.000000    
        zfac12   -2.5094789737664363E-02    5.7800000E-02     0.000000    
        zfac13    0.1812879646650554        5.7800000E-02     0.000000    
        zfac14    0.1244157288932837        5.7800000E-02     0.000000    
        zfac15   -8.5261333588408303E-02    5.7800000E-02     0.000000    
        zfac16   -0.4112093246491004        5.7800000E-02     0.000000    
        zfac17   -0.2377702868958131        5.7800000E-02     0.000000    
        zfac18    0.1194383073048858        5.7800000E-02     0.000000    
        zfac19   -3.5380488045519028E-02    5.7800000E-02     0.000000    
        zfac20   -0.2175932899473011        5.7800000E-02     0.000000    
        zfac21   -9.3563171313183396E-02    5.7800000E-02     0.000000    
        zfac22    0.1842727434855381        5.7800000E-02     0.000000    
        zfac23    0.4608330236202128        5.7800000E-02     0.000000    
        zfac24    0.1050280226571817        5.7800000E-02     0.000000    
        zfac25   -0.2278472871481142        5.7800000E-02     0.000000    
        zfac26   -0.5036260761875778        5.7800000E-02     0.000000    
        zfac27   -0.2102546368609688        5.7800000E-02     0.000000    
        zfac28    0.5392178991516402        5.7800000E-02     0.000000    
        zfac29    9.8013795559264719E-02    5.7800000E-02     0.000000    
        zfac30   -0.1157445211560381        5.7800000E-02     0.000000    
        zfac31    3.0378742489219724E-02    5.7800000E-02     0.000000    
        zfac32    0.7274953215070900        5.7800000E-02     0.000000    
        zfac33   -0.3321943717761592        5.7800000E-02     0.000000    
        zfac34    0.1125360840379689        5.7800000E-02     0.000000    
        zfac35    0.3499036223810139        5.7800000E-02     0.000000    
        zfac36    0.2257550953271107        5.7800000E-02     0.000000    
        zfac37   -0.4078866790921800        5.7800000E-02     0.000000    
        zfac38    0.2262421242114533        5.7800000E-02     0.000000    
        zfac39   -0.2444052540242734        5.7800000E-02     0.000000    
        zfac40   -0.3233158255069896        5.7800000E-02     0.000000    
        zfac41   -0.8334439883368339        5.7800000E-02     0.000000    
        zfac42    3.5534206636923873E-02    5.7800000E-02     0.000000    
        zfac43     1.258954981264777        5.7800000E-02     0.000000    
        zfac44    0.4390071446775882        5.7800000E-02     0.000000    
        zfac45   -0.2542867761714360        5.7800000E-02     0.000000    
        zfac46   -0.2569842539773011        5.7800000E-02     0.000000    
        zfac47   -0.5316459675974914        5.7800000E-02     0.000000    
        zfac48   -1.3136516172560554E-02    5.7800000E-02     0.000000    
        zfac49   -0.3605529402008651        5.7800000E-02     0.000000    
        zfac50     1.529716932298773        5.7800000E-02     0.000000    
        zfac51   -0.6733367241280970        5.7800000E-02     0.000000    
        zfac52    8.0412534609809686E-03    5.7800000E-02     0.000000    
        zfac53    0.3920262448819083        5.7800000E-02     0.000000    
        zfac54    0.1478941647954637        5.7800000E-02     0.000000    
        zfac55   -0.3456067806715571        5.7800000E-02     0.000000    
        zfac56   -0.3985231962509170        5.7800000E-02     0.000000    
        zfac57    7.9853399930589972E-02    5.7800000E-02     0.000000    
        zfac58   -0.1888465854678547        5.7800000E-02     0.000000    
        zfac59   -0.1409891090326124        5.7800000E-02     0.000000    
        zfac60    4.5953627453449830E-02    5.7800000E-02     0.000000    
        zfac61   -0.2165254971685986        5.7800000E-02     0.000000    
        zfac62   -0.2546188968667301        5.7800000E-02     0.000000    
        zfac63    8.3181569628022492E-02    5.7800000E-02     0.000000    
        zfac64   -0.2049053851078720        5.7800000E-02     0.000000    
        zfac65    0.1957887422466107        5.7800000E-02     0.000000    
        zfac66    0.8311339047282180        5.7800000E-02     0.000000    
        zfac67     1.015380553375825        5.7800000E-02     0.000000    
        zfac68   -0.1324044134282007        5.7800000E-02     0.000000    
        zfac69    0.5871910968130692        5.7800000E-02     0.000000    
        zfac70   -0.1026339197910554        5.7800000E-02     0.000000    
        zfac71    6.1692100944852939E-02    5.7800000E-02     0.000000    
        zfac72   -0.1867082755813149        5.7800000E-02     0.000000    
        zfac73    0.1395869424405796        5.7800000E-02     0.000000    
        zfac74    0.1896647833205623        5.7800000E-02     0.000000    
        zfac75    0.7136201219947890        5.7800000E-02     0.000000    
        zfac76    0.2399706625562578        5.7800000E-02     0.000000    
        zfac77   -0.4015711699544983        5.7800000E-02     0.000000    
        zfac78   -0.2123409272645329        5.7800000E-02     0.000000    
        zfac79   -0.6975957235474395        5.7800000E-02     0.000000    
        zfac80   -0.6137782014114360        5.7800000E-02     0.000000    
        zfac81   -0.6250700090625086        5.7800000E-02     0.000000    
        zfac82   -0.2023971948441350        5.7800000E-02     0.000000    
        zfac83   -0.1409972040670934        5.7800000E-02     0.000000    
        zfac84   -0.1127133496956574        5.7800000E-02     0.000000    
        zfac85    0.1674542980908460        5.7800000E-02     0.000000    
        zfac86    0.7972280074524550        5.7800000E-02     0.000000    
        zfac87   -0.3522170252736159        5.7800000E-02     0.000000    
        zfac88   -0.7976412666014014        5.7800000E-02     0.000000    
        zfac89   -0.6693855348153634        5.7800000E-02     0.000000    
        zfac90   -3.8030140255553638E-02    5.7800000E-02     0.000000    
        zfac91   -0.2187938837829412        5.7800000E-02     0.000000    
        zfac92   -6.4787912369204156E-02    5.7800000E-02     0.000000    
        zfac93    0.3050341186469688        5.7800000E-02     0.000000    
        zfac94    0.4503494944483841        5.7800000E-02     0.000000    
        zfac95    0.2793267505279481        5.7800000E-02     0.000000    
        zfac96    4.1901756184749131E-02    5.7800000E-02     0.000000    
        zfac97    0.4115162589468737        5.7800000E-02     0.000000    
        zfac98   -0.1809424470344118        5.7800000E-02     0.000000    
        zfac99   -0.5334141802462457        5.7800000E-02     0.000000    
       zfac100    0.1064921852105173        5.7800000E-02     0.000000    
       zfac101    0.3515438134291921        5.7800000E-02     0.000000    
       zfac102   -0.3466057005017301        5.7800000E-02     0.000000    
       zfac103   -0.2693055845535468        5.7800000E-02     0.000000    
       zfac104    4.7450830198520762E-02    5.7800000E-02     0.000000    
       zfac105    0.2197488996076990        5.7800000E-02     0.000000    
       zfac106   -0.2404084345681315        5.7800000E-02     0.000000    
       zfac107   -0.3616831749397232        5.7800000E-02     0.000000    
       zfac108   -0.1034038613928374        5.7800000E-02     0.000000    
       zfac109   -1.4302701641608998E-02    5.7800000E-02     0.000000    
       zfac110    3.3453837019245675E-02    5.7800000E-02     0.000000    
       zfac111   -2.1718831262768169E-02    5.7800000E-02     0.000000    
       zfac112    0.1779172889796142        5.7800000E-02     0.000000    
       zfac113    0.6234169351892752        5.7800000E-02     0.000000    
       zfac114    6.5296595808840840E-02    5.7800000E-02     0.000000    
       zfac115   -0.1424344343457613        5.7800000E-02     0.000000    
       zfac116    0.4821154980108426        5.7800000E-02     0.000000    
       zfac117   -0.1652244728168512        5.7800000E-02     0.000000    
       zfac118   -8.1456031058460221E-02    5.7800000E-02     0.000000    
       zfac119   -0.1091412912214187        5.7800000E-02     0.000000    
       zfac120   -3.6108217911262973E-02    5.7800000E-02     0.000000    
       zfac121   -0.2811320942511246        5.7800000E-02     0.000000    
       zfac122   -7.9195419976020767E-02    5.7800000E-02     0.000000    
       zfac123   -0.1506946961722664        5.7800000E-02     0.000000    
       zfac124    0.2278456169848253        5.7800000E-02     0.000000    
       zfac125   -4.1771083790570936E-02    5.7800000E-02     0.000000    
       zfac126   -0.2750735678477509        5.7800000E-02     0.000000    
       zfac127    1.4853800921019032E-02    5.7800000E-02     0.000000    
       zfac128   -0.1576305664431315        5.7800000E-02     0.000000    
       zfac129    0.4370110827917682        5.7800000E-02     0.000000    
       zfac130    0.4173463736583183        5.7800000E-02     0.000000    
       zfac131   -3.3736164653581313E-02    5.7800000E-02     0.000000    
       zfac132    0.1229461753059671        5.7800000E-02     0.000000    
       zfac133   -9.3634851314307960E-02    5.7800000E-02     0.000000    
       zfac134    0.6981318890330831        5.7800000E-02     0.000000    
       zfac135   -0.2210217442061073        5.7800000E-02     0.000000    
       zfac136   -0.1697177412069896        5.7800000E-02     0.000000    
       zfac137   -0.4765141742532872        5.7800000E-02     0.000000    
       zfac138   -0.1141892335427682        5.7800000E-02     0.000000    
       zfac139   -0.4372090178171626        5.7800000E-02     0.000000    
       zfac140   -0.2653674734362457        5.7800000E-02     0.000000    
       zfac141   -0.2821213500831834        5.7800000E-02     0.000000    
       zfac142    0.3942756081767215        5.7800000E-02     0.000000    
       zfac143   -0.2993215537001730        5.7800000E-02     0.000000    
       zfac144   -0.4545183831705017        5.7800000E-02     0.000000    
       zfac145    0.3358499290810935        5.7800000E-02     0.000000    
       zfac146   -0.3015616535541350        5.7800000E-02     0.000000    
       zfac147    -1.006974926669671        5.7800000E-02     0.000000    
       zfac148   -3.3813623210415228E-02    5.7800000E-02     0.000000    
       zfac149   -0.4644971401298097        5.7800000E-02     0.000000    
       zfac150   -0.1000555889394291        5.7800000E-02     0.000000    
       zfac151    0.7078747564342354        5.7800000E-02     0.000000    
       zfac152   -8.0966895402422145E-03    5.7800000E-02     0.000000    
       zfac153    0.3958564714641263        5.7800000E-02     0.000000    
       zfac154   -0.3010282647390312        5.7800000E-02     0.000000    
       zfac155   -0.5344748082433565        5.7800000E-02     0.000000    
       zfac156    8.0174885942257787E-02    5.7800000E-02     0.000000    
       zfac157   -0.1138900090577163        5.7800000E-02     0.000000    
       zfac158   -0.1587932925945502        5.7800000E-02     0.000000    
       zfac159   -0.2284934995878201        5.7800000E-02     0.000000    
       zfac160    0.8694308843556454        5.7800000E-02     0.000000    
       zfac161   -9.4143804947733556E-02    5.7800000E-02     0.000000    
       zfac162   -0.2831576595710381        5.7800000E-02     0.000000    
       zfac163    0.1415268982301886        5.7800000E-02     0.000000    
       zfac164    0.1999857819741298        5.7800000E-02     0.000000    
       zfac165    0.2877735094507180        5.7800000E-02     0.000000    
       zfac166   -0.3460583927790484        5.7800000E-02     0.000000    
       zfac167    0.4597706662762370        5.7800000E-02     0.000000    
       zfac168   -0.2086187792321280        5.7800000E-02     0.000000    
       zfac169    4.8744659238365053E-02    5.7800000E-02     0.000000    
       zfac170   -0.3513593543592561        5.7800000E-02     0.000000    
       zfac171    0.1249216623499862        5.7800000E-02     0.000000    
       zfac172   -0.2574424435505709        5.7800000E-02     0.000000    
       zfac173   -0.3274040545443080        5.7800000E-02     0.000000    
       zfac174   -0.2327104353015744        5.7800000E-02     0.000000    
       zfac175    0.2769734145674654        5.7800000E-02     0.000000    
       zfac176   -0.2848198972148270        5.7800000E-02     0.000000    
       zfac177    7.6146809801288920E-02    5.7800000E-02     0.000000    
       zfac178    0.5424136793825329        5.7800000E-02     0.000000    
       zfac179   -8.6275758972024219E-02    5.7800000E-02     0.000000    
       zfac180   -0.2468200457843253        5.7800000E-02     0.000000    
       zfac181   -0.1253105163739101        5.7800000E-02     0.000000    
       zfac182   -0.5314785472522492        5.7800000E-02     0.000000    
       zfac183   -0.6251814984660036        5.7800000E-02     0.000000    
       zfac184    0.4338347654772612        5.7800000E-02     0.000000    
       zfac185    9.8289932728852947E-02    5.7800000E-02     0.000000    
       zfac186    1.3309938970339101E-02    5.7800000E-02     0.000000    
       zfac187    0.5878170156353028        5.7800000E-02     0.000000    
       zfac188   -0.1541091519474741        5.7800000E-02     0.000000    
       zfac189   -0.1839836333883564        5.7800000E-02     0.000000    
       zfac190    1.1176917370522493E-02    5.7800000E-02     0.000000    
       zfac191   -0.2621339210266436        5.7800000E-02     0.000000    
       zfac192   -5.6882543893460209E-02    5.7800000E-02     0.000000    
       zfac193   -8.9904231762923878E-02    5.7800000E-02     0.000000    
       zfac194     1.196811824036287        5.7800000E-02     0.000000    
       zfac195    0.1148876940558149        5.7800000E-02     0.000000    
       zfac196   -0.6243441527515917        5.7800000E-02     0.000000    
       zfac197   -0.5105091629603806        5.7800000E-02     0.000000    
       zfac198   -0.5525767449015052        5.7800000E-02     0.000000    
       zfac199   -0.4619748744853288        5.7800000E-02     0.000000    
       zfac200   -0.1300959659511073        5.7800000E-02     0.000000    
       zfac201    2.5480608601173009E-02    5.7800000E-02     0.000000    
       zfac202   -0.5337867600439100        5.7800000E-02     0.000000    
       zfac203    0.6302614211562456        5.7800000E-02     0.000000    
       zfac204    0.2198526069513218        5.7800000E-02     0.000000    
       zfac205   -0.3288474003169031        5.7800000E-02     0.000000    
       zfac206    3.8593684721247405E-02    5.7800000E-02     0.000000    
       zfac207    6.4608602730662629E-02    5.7800000E-02     0.000000    
       zfac208   -0.1643515157454325        5.7800000E-02     0.000000    
       zfac209   -0.2265873847368339        5.7800000E-02     0.000000    
       zfac210    0.5249279692815918        5.7800000E-02     0.000000    
       zfac211    0.6474840233266401        5.7800000E-02     0.000000    
       zfac212   -0.3009929333422319        5.7800000E-02     0.000000    
       zfac213   -0.1957016512066955        5.7800000E-02     0.000000    
       zfac214   -0.3152582656601038        5.7800000E-02     0.000000    
       zfac215    0.4520956416212786        5.7800000E-02     0.000000    
       zfac216   -0.4220664068487717        5.7800000E-02     0.000000    
       zfac217   -3.3242471055622842E-02    5.7800000E-02     0.000000    
       zfac218    9.6654567074785466E-02    5.7800000E-02     0.000000    
       zfac219   -0.6121037104037890        5.7800000E-02     0.000000    
       zfac220    0.5729365833279274        5.7800000E-02     0.000000    
       zfac221   -5.5730165176799309E-02    5.7800000E-02     0.000000    
       zfac222   -0.6973523578675087        5.7800000E-02     0.000000    
       zfac223    0.4065982777490432        5.7800000E-02     0.000000    
       zfac224    9.6753506813937726E-02    5.7800000E-02     0.000000    
       zfac225   -0.5799450223591869        5.7800000E-02     0.000000    
       zfac226    6.2135551225145330E-02    5.7800000E-02     0.000000    
       zfac227    0.4224193993973166        5.7800000E-02     0.000000    
       zfac228     1.045228041669950        5.7800000E-02     0.000000    
       zfac229   -9.3107063596747405E-02    5.7800000E-02     0.000000    
       zfac230   -5.8400355448927341E-02    5.7800000E-02     0.000000    
       zfac231    0.4598275870747491        5.7800000E-02     0.000000    
       zfac232   -0.2950408826851038        5.7800000E-02     0.000000    
       zfac233   -0.5046572939232007        5.7800000E-02     0.000000    
       zfac234    7.7623091937892727E-02    5.7800000E-02     0.000000    
       zfac235    0.1691218519403754        5.7800000E-02     0.000000    
       zfac236    0.2340661745819481        5.7800000E-02     0.000000    
       zfac237   -0.1530360889130277        5.7800000E-02     0.000000    
       zfac238   -0.4138553333937198        5.7800000E-02     0.000000    
       zfac239    0.5643753058530727        5.7800000E-02     0.000000    
       zfac240    0.5707670445545520        5.7800000E-02     0.000000    
       zfac241    0.9341420853286142        5.7800000E-02     0.000000    
       zfac242   -0.2661742564944983        5.7800000E-02     0.000000    
       zfac243   -0.1302547421861592        5.7800000E-02     0.000000    
       zfac244    0.4211611579387837        5.7800000E-02     0.000000    
       zfac245   -0.3268643036068858        5.7800000E-02     0.000000    
       zfac246   -3.5274438428027681E-02    5.7800000E-02     0.000000    
       zfac247    0.2662610190018858        5.7800000E-02     0.000000    
       zfac248   -0.3586394146394810        5.7800000E-02     0.000000    
       zfac249    3.8473080593589969E-02    5.7800000E-02     0.000000    
       zfac250   -0.1690344299752249        5.7800000E-02     0.000000    
       zfac251   -0.1934461880122318        5.7800000E-02     0.000000    
       zfac252    0.9665438680735727        5.7800000E-02     0.000000    
       zfac253    0.7805659690877457        5.7800000E-02     0.000000    
       zfac254    0.2211814293782595        5.7800000E-02     0.000000    
       zfac255   -8.5340213449377172E-02    5.7800000E-02     0.000000    
       zfac256   -1.4386590385121106E-02    5.7800000E-02     0.000000    
       zfac257   -0.1270243354553633        5.7800000E-02     0.000000    
       zfac258    7.1716574187896190E-02    5.7800000E-02     0.000000    
       zfac259    0.4556633308360606        5.7800000E-02     0.000000    
       zfac260    0.4963197680849464        5.7800000E-02     0.000000    
       zfac261   -0.1948970996317128        5.7800000E-02     0.000000    
       zfac262   -0.2188323709979066        5.7800000E-02     0.000000    
       zfac263   -0.3313638500028028        5.7800000E-02     0.000000    
       zfac264   -0.3088439538084256        5.7800000E-02     0.000000    
       zfac265    0.4444329134716713        5.7800000E-02     0.000000    
       zfac266    0.5856688486080797        5.7800000E-02     0.000000    
       zfac267   -5.0560414245017303E-02    5.7800000E-02     0.000000    
       zfac268   -4.1188702288044991E-02    5.7800000E-02     0.000000    
       zfac269   -0.2575480547748962        5.7800000E-02     0.000000    
       zfac270   -0.5113582706343599        5.7800000E-02     0.000000    
       zfac271   -0.2578344422420416        5.7800000E-02     0.000000    
       zfac272    0.3295082956247388        5.7800000E-02     0.000000    
       zfac273    0.1698126306600139        5.7800000E-02     0.000000    
       zfac274    2.0699087368131488E-03    5.7800000E-02     0.000000    
       zfac275   -0.3063721048792561        5.7800000E-02     0.000000    
       zfac276    0.2572259559313478        5.7800000E-02     0.000000    
       zfac277   -0.2238266740690658        5.7800000E-02     0.000000    
       zfac278   -0.1383368110534083        5.7800000E-02     0.000000    
       zfac279    0.2205885793838045        5.7800000E-02     0.000000    
       zfac280    0.4532137326088720        5.7800000E-02     0.000000    
       zfac281   -0.3671107132421800        5.7800000E-02     0.000000    
       zfac282    0.6677207410721557        5.7800000E-02     0.000000    
       zfac283   -1.5166382520224914E-02    5.7800000E-02     0.000000    
       zfac284   -0.5663316756641177        5.7800000E-02     0.000000    
       zfac285   -0.4627760097057786        5.7800000E-02     0.000000    
       zfac286   -6.4772422194134954E-02    5.7800000E-02     0.000000    
       zfac287   -0.2786242115629931        5.7800000E-02     0.000000    
       zfac288    5.5733311580489622E-02    5.7800000E-02     0.000000    
       zfac289   -0.1138715134312457        5.7800000E-02     0.000000    
       zfac290    0.7167808594471731        5.7800000E-02     0.000000    
       zfac291    3.4275862197707618E-02    5.7800000E-02     0.000000    
       zfac292   -0.5613918462165398        5.7800000E-02     0.000000    
       zfac293   -0.3049059199845502        5.7800000E-02     0.000000    
       zfac294   -7.3356383733096886E-02    5.7800000E-02     0.000000    
       zfac295    0.2961356616979879        5.7800000E-02     0.000000    
       zfac296   -0.3723015757397405        5.7800000E-02     0.000000    
       zfac297    6.2281624124387543E-02    5.7800000E-02     0.000000    
       zfac298   -9.8641166085605539E-02    5.7800000E-02     0.000000    
       zfac299   -0.2797306060273529        5.7800000E-02     0.000000    
       zfac300   -0.1246716998233218        5.7800000E-02     0.000000    
         z_aa1    4.9458051995674823E-02     1.000000         0.000000    
         z_aa2    9.8445504698790154E-02     1.000000         0.000000    
         z_aa3    9.1662758044323722E-02     1.000000         0.000000    
         z_aa4    0.1034982437381758         1.000000         0.000000    
         z_aa5    0.1002018934872720         1.000000         0.000000    
         z_aa6    7.0930353406295540E-02     1.000000         0.000000    
         z_aa7    7.0784412677555753E-02     1.000000         0.000000    
         z_aa8    7.7156612125215934E-02     1.000000         0.000000    
         z_aa9    0.1704987669961986         1.000000         0.000000    
        z_aa10    0.1347108914159475         1.000000         0.000000    
        z_aa11    9.7871813841826291E-02     1.000000         0.000000    
        z_aa12    6.6727721390956535E-02     1.000000         0.000000    
        z_aa13    9.0232793615638685E-02     1.000000         0.000000    
        z_aa14    9.2513637168449889E-02     1.000000         0.000000    
        z_aa15    9.4773002600070877E-02     1.000000         0.000000    
        z_aa16    9.0385559410954372E-02     1.000000         0.000000    
        z_aa17    0.1580942305445450         1.000000         0.000000    
        z_aa18    8.0521252010158986E-02     1.000000         0.000000    
        z_aa19    0.1468519321381800         1.000000         0.000000    
        z_aa20    0.2805177703441503         1.000000         0.000000    
        z_aa21    6.6240665035371044E-02     1.000000         0.000000    
        z_aa22    3.7828226386654187E-02     1.000000         0.000000    
        z_aa23    0.1171921988294467         1.000000         0.000000    
        z_aa24    9.0954966233468632E-02     1.000000         0.000000    
        z_aa25    8.1052981862025475E-02     1.000000         0.000000    
        z_aa26    8.4466946888528460E-02     1.000000         0.000000    
        z_aa27    0.1018164066535465         1.000000         0.000000    
        z_aa28    0.1355626056270664         1.000000         0.000000    
        z_aa29    0.2130847145089970         1.000000         0.000000    
        z_aa30    0.2932011995557606         1.000000         0.000000    
        z_aa31    7.1579470908332915E-02     1.000000         0.000000    
        z_aa32    7.8878357567045934E-02     1.000000         0.000000    
        z_aa33    6.1873897186781539E-02     1.000000         0.000000    
        z_aa34    5.2719967718624687E-02     1.000000         0.000000    
        z_aa35   -0.1375139142197291         1.000000         0.000000    
        z_aa36    6.5534673168664334E-02     1.000000         0.000000    
        z_aa37    5.4815614937029668E-02     1.000000         0.000000    
        z_aa38   -0.1621306428218492         1.000000         0.000000    
        z_aa39    0.2269846396218729         1.000000         0.000000    
        z_aa40    0.1564508721989615         1.000000         0.000000    
        z_aa41    7.0151258125555893E-02     1.000000         0.000000    
        z_aa42    4.0317298364799768E-02     1.000000         0.000000    
        z_aa43   -2.0406460022568910E-02     1.000000         0.000000    
        z_aa44   -0.3212751476642113         1.000000         0.000000    
        z_aa45    1.9355009922860519E-04     1.000000         0.000000    
        z_aa46    1.4723583659359339E-03     1.000000         0.000000    
        z_aa47   -2.1705587844118190E-02     1.000000         0.000000    
        z_aa48   -8.8913794582415606E-02     1.000000         0.000000    
        z_aa49    0.2115674741506225         1.000000         0.000000    
        z_aa50    0.1229039347196479         1.000000         0.000000    
        z_aa51    5.2949151271500919E-02     1.000000         0.000000    
        z_aa52    2.2738980438961550E-02     1.000000         0.000000    
        z_aa53   -2.6801713696294860E-02     1.000000         0.000000    
        z_aa54   -8.0725606245292555E-02     1.000000         0.000000    
        z_aa55   -0.2346350968011584         1.000000         0.000000    
        z_aa56   -1.9981861587126191E-02     1.000000         0.000000    
        z_aa57   -1.4580742423334530E-02     1.000000         0.000000    
        z_aa58    3.7747170663539290E-02     1.000000         0.000000    
        z_aa59    0.1049388222909971         1.000000         0.000000    
        z_aa60    0.2932200880735903         1.000000         0.000000    
        z_aa61   -9.1570074680341063E-03     1.000000         0.000000    
        z_aa62   -1.1835861932269161E-02     1.000000         0.000000    
        z_aa63   -4.7991366001616687E-02     1.000000         0.000000    
        z_aa64   -0.3664187556986291         1.000000         0.000000    
        z_aa65   -5.9758868350936231E-02     1.000000         0.000000    
        z_aa66   -4.8441143288547088E-02     1.000000         0.000000    
        z_aa67   -0.7414476600027297         1.000000         0.000000    
        z_aa68    3.9452584870421283E-02     1.000000         0.000000    
        z_aa69    9.8307749722467835E-02     1.000000         0.000000    
        z_aa70    0.2422823362654975         1.000000         0.000000    
        z_aa71    0.1165450089094214         1.000000         0.000000    
        z_aa72   -5.9559942578570703E-02     1.000000         0.000000    
        z_aa73   -4.5051957145167451E-02     1.000000         0.000000    
        z_aa74   -7.5557415427505964E-02     1.000000         0.000000    
        z_aa75   -6.5243964013754235E-02     1.000000         0.000000    
        z_aa76   -3.9653690738611948E-02     1.000000         0.000000    
        z_aa77   -1.5268247662894451E-03     1.000000         0.000000    
        z_aa78    7.6400314693883128E-02     1.000000         0.000000    
        z_aa79    0.1258546279019544         1.000000         0.000000    
        z_aa80    0.2869642355115178         1.000000         0.000000    
        z_aa81    5.1299647626281010E-02     1.000000         0.000000    
        z_aa82    3.6200016452900871E-02     1.000000         0.000000    
        z_aa83   -1.6348232946952191E-02     1.000000         0.000000    
        z_aa84   -3.8088021893973770E-02     1.000000         0.000000    
        z_aa85   -3.0009475996805729E-02     1.000000         0.000000    
        z_aa86   -3.0445656744149140E-02     1.000000         0.000000    
        z_aa87    5.2383618975288329E-02     1.000000         0.000000    
        z_aa88    7.1702603390297770E-02     1.000000         0.000000    
        z_aa89    0.1193482874065296         1.000000         0.000000    
        z_aa90    0.3357095290938402         1.000000         0.000000    
        z_aa91    0.2233332425794720         1.000000         0.000000    
        z_aa92    1.2573953697076401E-02     1.000000         0.000000    
        z_aa93    3.6966576079502912E-02     1.000000         0.000000    
        z_aa94    7.4313141023007656E-03     1.000000         0.000000    
        z_aa95    4.8381506174284342E-03     1.000000         0.000000    
        z_aa96    2.2421695433147291E-02     1.000000         0.000000    
        z_aa97    3.7120654631828273E-02     1.000000         0.000000    
        z_aa98    0.3165126114950819         1.000000         0.000000    
        z_aa99    0.2828820967533771         1.000000         0.000000    
       z_aa100    0.1487204871999853         1.000000         0.000000    
        sill_m     4.000000000000000         1.000000         0.000000    
       range_m     18.73521644530000        1.0000000E-02     0.000000    
          af_m     111.5771763280000        1.0000000E-02     0.000000    
          aa_m   -0.2126943351900000         1.000000         0.000000    
