 double point
z1                 -0.290137330         1.0  0.0
z2                 0.434728493          1.0  0.0
z3                 0.122833981          1.0  0.0
z4                 7.616810700E-02      1.0  0.0
z5                 -0.393252856         1.0  0.0
z6                 0.676306601          1.0  0.0
z7                 0.509806718          1.0  0.0
z8                 -0.750127063         1.0  0.0
z9                 -7.798110814E-02     1.0  0.0
z10                -1.205453121E-02     1.0  0.0
z11                -0.305422838         1.0  0.0
z12                0.321720389          1.0  0.0
z13                1.253962440E-02      1.0  0.0
z14                0.287549905          1.0  0.0
z15                0.492643892          1.0  0.0
z16                -0.391140146         1.0  0.0
z17                0.608596456          1.0  0.0
z18                0.593695939          1.0  0.0
z19                -0.267443698         1.0  0.0
z20                0.277188164          1.0  0.0
z21                0.209292567          1.0  0.0
z22                0.398347040          1.0  0.0
z23                -0.212822466         1.0  0.0
z24                3.520740663E-02      1.0  0.0
z25                0.494322741          1.0  0.0
z26                0.302283792          1.0  0.0
z27                -0.374069728         1.0  0.0
z28                9.001818938E-02      1.0  0.0
z29                -0.299881620         1.0  0.0
z30                -0.731606862         1.0  0.0
z31                -0.686728103         1.0  0.0
z32                0.392456530          1.0  0.0
z33                -6.072298544E-03     1.0  0.0
z34                0.390375427          1.0  0.0
z35                0.134509946          1.0  0.0
z36                0.384351030          1.0  0.0
z37                0.544201723          1.0  0.0
z38                0.788653331          1.0  0.0
z39                0.292418800          1.0  0.0
z40                -0.332495383         1.0  0.0
z41                3.774944036E-02      1.0  0.0
z42                0.150079193          1.0  0.0
z43                -2.789216015E-02     1.0  0.0
z44                0.124087093          1.0  0.0
z45                0.177512521          1.0  0.0
z46                -0.321144782         1.0  0.0
z47                0.207443872          1.0  0.0
z48                0.267455066          1.0  0.0
z49                0.500446699          1.0  0.0
z50                0.297521284          1.0  0.0
z51                -0.379530000         1.0  0.0
z52                0.479826441          1.0  0.0
z53                -1.020546426E-02     1.0  0.0
z54                -0.159751606         1.0  0.0
z55                -0.273646190         1.0  0.0
z56                0.115174490          1.0  0.0
z57                0.221888737          1.0  0.0
z58                -0.545405964         1.0  0.0
z59                0.221451541          1.0  0.0
z60                0.205488041          1.0  0.0
z61                0.209957893          1.0  0.0
z62                0.330189139          1.0  0.0
z63                -0.401845114         1.0  0.0
z64                0.813666408          1.0  0.0
z65                0.558517622          1.0  0.0
z66                -0.834113156         1.0  0.0
z67                -7.051178266E-02     1.0  0.0
z68                -0.410647195         1.0  0.0
z69                7.940383953E-02      1.0  0.0
z70                0.324629072          1.0  0.0
z71                0.472177183          1.0  0.0
z72                8.226621853E-02      1.0  0.0
z73                -0.319109362         1.0  0.0
z74                -3.329401324E-04     1.0  0.0
z75                -7.333703044E-02     1.0  0.0
z76                -0.737266876         1.0  0.0
z77                -9.237038189E-02     1.0  0.0
z78                -0.289118696         1.0  0.0
z79                0.263849461          1.0  0.0
z80                1.660310732E-03      1.0  0.0
z81                0.208971589          1.0  0.0
z82                6.046363047E-02      1.0  0.0
z83                -0.469273842         1.0  0.0
z84                -4.935149555E-02     1.0  0.0
z85                0.176317726          1.0  0.0
z86                -0.970609139         1.0  0.0
z87                3.399293074E-02      1.0  0.0
z88                0.112224592          1.0  0.0
z89                0.454831889          1.0  0.0
z90                -0.869056969         1.0  0.0
z91                0.681202041          1.0  0.0
z92                0.398767294          1.0  0.0
z93                0.704460353          1.0  0.0
z94                8.194785888E-02      1.0  0.0
z95                -0.259753924         1.0  0.0
z96                -8.150158550E-02     1.0  0.0
z97                0.725954032          1.0  0.0
z98                -7.067852430E-03     1.0  0.0
z99                -5.017321683E-02     1.0  0.0
z100               -0.284468992         1.0  0.0
z101               -0.326306317         1.0  0.0
z102               0.311978783          1.0  0.0
z103               -0.244555686         1.0  0.0
z104               -0.955665112         1.0  0.0
z105               -0.430042345         1.0  0.0
z106               0.899480365          1.0  0.0
z107               4.025783146E-02      1.0  0.0
z108               -0.592431068         1.0  0.0
z109               -3.193359129E-02     1.0  0.0
z110               0.326968574          1.0  0.0
z111               -1.03868686          1.0  0.0
z112               -0.187982457         1.0  0.0
z113               -0.127979276         1.0  0.0
z114               -5.890781170E-02     1.0  0.0
z115               -0.542628640         1.0  0.0
z116               0.105582308          1.0  0.0
z117               -0.323141005         1.0  0.0
z118               -0.271941659         1.0  0.0
z119               0.688397140          1.0  0.0
z120               0.234960925          1.0  0.0
z121               9.610796825E-02      1.0  0.0
z122               -0.829798355         1.0  0.0
z123               0.194430705          1.0  0.0
z124               8.487704685E-02      1.0  0.0
z125               -0.137868051         1.0  0.0
z126               -0.851657704         1.0  0.0
z127               -0.759770017         1.0  0.0
z128               -0.301506361         1.0  0.0
z129               -0.268848644         1.0  0.0
z130               -0.559692147         1.0  0.0
z131               -0.770539338         1.0  0.0
z132               -0.747584353         1.0  0.0
z133               -0.432738844         1.0  0.0
z134               -0.274965695         1.0  0.0
z135               0.240443336          1.0  0.0
z136               -0.241547414         1.0  0.0
z137               -0.407066975         1.0  0.0
z138               -0.702686364         1.0  0.0
z139               -0.393036267         1.0  0.0
z140               -1.04659622          1.0  0.0
z141               -0.239389835         1.0  0.0
z142               -0.334606381         1.0  0.0
z143               0.100346823          1.0  0.0
z144               -0.384495975         1.0  0.0
z145               0.640835799          1.0  0.0
z146               0.309740973          1.0  0.0
z147               0.742619793          1.0  0.0
z148               4.623771054E-02      1.0  0.0
z149               0.254650162          1.0  0.0
z150               0.155435380          1.0  0.0
z151               0.335307582          1.0  0.0
z152               -0.143997407         1.0  0.0
z153               -6.164849184E-02     1.0  0.0
z154               -0.196528251         1.0  0.0
z155               8.286550051E-02      1.0  0.0
z156               0.268882398          1.0  0.0
z157               0.106136564          1.0  0.0
z158               -0.765453262         1.0  0.0
z159               -9.687982744E-02     1.0  0.0
z160               -0.226786400         1.0  0.0
z161               -1.26880404          1.0  0.0
z162               -0.574261645         1.0  0.0
z163               -0.725384106         1.0  0.0
z164               -0.534598847         1.0  0.0
z165               -0.217814731         1.0  0.0
z166               0.325749622          1.0  0.0
z167               -0.978710352         1.0  0.0
z168               -0.398442051         1.0  0.0
z169               -0.276483133         1.0  0.0
z170               -0.676969739         1.0  0.0
z171               -0.502171405         1.0  0.0
z172               -9.566129516E-02     1.0  0.0
z173               -0.688384250         1.0  0.0
z174               -0.452152402         1.0  0.0
z175               -4.087432115E-02     1.0  0.0
z176               0.736059940          1.0  0.0
z177               0.200229320          1.0  0.0
z178               0.432514941          1.0  0.0
z179               -0.216851823         1.0  0.0
z180               0.498807202          1.0  0.0
z181               0.458510848          1.0  0.0
z182               0.433056850          1.0  0.0
z183               -0.639438285         1.0  0.0
z184               0.152457320          1.0  0.0
z185               0.297487078          1.0  0.0
z186               4.088555372E-03      1.0  0.0
z187               0.138047241          1.0  0.0
z188               -0.855529951         1.0  0.0
z189               -0.742184817         1.0  0.0
z190               -0.527539745         1.0  0.0
z191               -0.332161176         1.0  0.0
z192               -0.361302485         1.0  0.0
z193               -0.560886510         1.0  0.0
z194               -0.305542897         1.0  0.0
z195               1.195103363E-02      1.0  0.0
z196               -7.048945222E-02     1.0  0.0
z197               -0.307776485         1.0  0.0
z198               0.496154176          1.0  0.0
z199               -1.12448104          1.0  0.0
z200               -0.454512496         1.0  0.0
z201               -0.547627499         1.0  0.0
z202               -0.708421150         1.0  0.0
z203               -0.959754934         1.0  0.0
z204               0.117817020          1.0  0.0
z205               -0.480793432         1.0  0.0
z206               -0.241657178         1.0  0.0
z207               0.694509534          1.0  0.0
z208               1.440428182E-02      1.0  0.0
z209               0.286347041          1.0  0.0
z210               0.685851652          1.0  0.0
z211               0.170794609          1.0  0.0
z212               -0.145348820         1.0  0.0
z213               -5.884702204E-02     1.0  0.0
z214               0.446102198          1.0  0.0
z215               -0.375893613         1.0  0.0
z216               3.037841892E-03      1.0  0.0
z217               -0.106530280         1.0  0.0
z218               -4.399383212E-02     1.0  0.0
z219               0.187247401          1.0  0.0
z220               -0.345083369         1.0  0.0
z221               -0.501762522         1.0  0.0
z222               0.173336065          1.0  0.0
z223               -0.224152589         1.0  0.0
z224               9.256763921E-02      1.0  0.0
z225               0.671054577          1.0  0.0
z226               -0.366327474         1.0  0.0
z227               0.815135826          1.0  0.0
z228               0.761441605          1.0  0.0
z229               -9.799355687E-02     1.0  0.0
z230               -0.672231089         1.0  0.0
z231               -0.585787377         1.0  0.0
z232               -0.286627973         1.0  0.0
z233               -0.448102572         1.0  0.0
z234               -0.223495299         1.0  0.0
z235               2.970124911E-02      1.0  0.0
z236               -0.200441119         1.0  0.0
z237               -1.965672164E-04     1.0  0.0
z238               0.625215007          1.0  0.0
z239               0.175545322          1.0  0.0
z240               4.039054748E-03      1.0  0.0
z241               -1.999221932E-02     1.0  0.0
z242               -0.257862722         1.0  0.0
z243               0.618578737          1.0  0.0
z244               0.618001747          1.0  0.0
z245               8.873064337E-02      1.0  0.0
z246               -0.200317886         1.0  0.0
z247               0.131401470          1.0  0.0
z248               -8.313506647E-02     1.0  0.0
z249               -0.557207287         1.0  0.0
z250               0.152556492          1.0  0.0
z251               0.218272245          1.0  0.0
z252               -0.533723634         1.0  0.0
z253               -5.348919579E-02     1.0  0.0
z254               -3.404696469E-02     1.0  0.0
z255               0.531572019          1.0  0.0
z256               1.18940106           1.0  0.0
z257               0.805976541          1.0  0.0
z258               0.719769818          1.0  0.0
z259               0.694599502          1.0  0.0
z260               -0.634104061         1.0  0.0
z261               -0.928459309         1.0  0.0
z262               -0.351120650         1.0  0.0
z263               0.257599453          1.0  0.0
z264               -0.168468661         1.0  0.0
z265               -0.301389116         1.0  0.0
z266               7.109102314E-02      1.0  0.0
z267               0.144684349          1.0  0.0
z268               -0.230160128         1.0  0.0
z269               0.440824179          1.0  0.0
z270               -0.930651230         1.0  0.0
z271               0.321343312          1.0  0.0
z272               0.341946466          1.0  0.0
z273               -0.153278079         1.0  0.0
z274               4.734415687E-02      1.0  0.0
z275               0.156458374          1.0  0.0
z276               0.267782302          1.0  0.0
z277               0.249380218          1.0  0.0
z278               0.432807639          1.0  0.0
z279               -0.674779601         1.0  0.0
z280               -0.171372225         1.0  0.0
z281               0.165355176          1.0  0.0
z282               0.374817686          1.0  0.0
z283               -0.317474478         1.0  0.0
z284               0.762216112          1.0  0.0
z285               0.772576261          1.0  0.0
z286               0.297959593          1.0  0.0
z287               1.19218423           1.0  0.0
z288               0.725114562          1.0  0.0
z289               0.997137969          1.0  0.0
z290               0.948104281          1.0  0.0
z291               0.593370720          1.0  0.0
z292               -0.361441734         1.0  0.0
z293               -0.591597935         1.0  0.0
z294               -0.899697604         1.0  0.0
z295               0.253469718          1.0  0.0
z296               0.150060324          1.0  0.0
z297               -0.322960105         1.0  0.0
z298               0.227175136          1.0  0.0
z299               -0.344277097         1.0  0.0
z300               0.159828635          1.0  0.0
z301               1.26487788           1.0  0.0
z302               0.346032258          1.0  0.0
z303               0.757516903          1.0  0.0
z304               0.797576166          1.0  0.0
z305               0.309316696          1.0  0.0
z306               -0.433408141         1.0  0.0
z307               -0.361870425         1.0  0.0
z308               1.109451523E-02      1.0  0.0
z309               0.337752520          1.0  0.0
z310               -0.274829294         1.0  0.0
z311               6.253154133E-02      1.0  0.0
z312               -0.185629401         1.0  0.0
z313               -3.793194597E-02     1.0  0.0
z314               0.308557117          1.0  0.0
z315               -0.508530630         1.0  0.0
z316               0.131661060          1.0  0.0
z317               0.119962076          1.0  0.0
z318               1.03888287           1.0  0.0
z319               0.845879669          1.0  0.0
z320               0.167789670          1.0  0.0
z321               -0.292169970         1.0  0.0
z322               -0.276723356         1.0  0.0
z323               -0.120494147         1.0  0.0
z324               -0.647975991         1.0  0.0
z325               -0.159488575         1.0  0.0
z326               -0.172510636         1.0  0.0
z327               -0.705231072         1.0  0.0
z328               0.291210812          1.0  0.0
z329               -2.555302377E-02     1.0  0.0
z330               0.254510059          1.0  0.0
z331               0.362843504          1.0  0.0
z332               0.109514054          1.0  0.0
z333               0.192694041          1.0  0.0
z334               0.451434492          1.0  0.0
z335               7.831029857E-02      1.0  0.0
z336               0.356718396          1.0  0.0
z337               7.008978280E-03      1.0  0.0
z338               -0.670144655         1.0  0.0
z339               0.103520111          1.0  0.0
z340               -0.239923233         1.0  0.0
z341               0.288753195          1.0  0.0
z342               -1.19604549          1.0  0.0
z343               -1.28936617          1.0  0.0
z344               -0.287476855         1.0  0.0
z345               -0.627391482         1.0  0.0
z346               -0.419502253         1.0  0.0
z347               -0.125011866         1.0  0.0
z348               7.053848527E-02      1.0  0.0
z349               8.278488840E-02      1.0  0.0
z350               8.332771355E-03      1.0  0.0
z351               -0.285724429         1.0  0.0
z352               -1.70674038          1.0  0.0
z353               -0.559730596         1.0  0.0
z354               -0.196561875         1.0  0.0
z355               -0.123467458         1.0  0.0
z356               -0.131789590         1.0  0.0
z357               0.542615500          1.0  0.0
z358               -0.542816516         1.0  0.0
z359               0.187526759          1.0  0.0
z360               0.144110401          1.0  0.0
z361               0.215420222          1.0  0.0
z362               -0.304692886         1.0  0.0
z363               -0.214412173         1.0  0.0
z364               0.375738596          1.0  0.0
z365               1.664849426E-02      1.0  0.0
z366               0.561144341          1.0  0.0
z367               -0.175097014         1.0  0.0
z368               -0.435437117         1.0  0.0
z369               -0.132045678         1.0  0.0
z370               -0.315224781         1.0  0.0
z371               -3.877653327E-02     1.0  0.0
z372               0.510896721          1.0  0.0
z373               -0.878165474         1.0  0.0
z374               -1.38467026          1.0  0.0
z375               -0.674660607         1.0  0.0
z376               -0.164422821         1.0  0.0
z377               -0.687674565         1.0  0.0
z378               -0.228869752         1.0  0.0
z379               -0.718754306         1.0  0.0
z380               -0.679767720         1.0  0.0
z381               -0.166198462         1.0  0.0
z382               -0.339610215         1.0  0.0
z383               -0.604649854         1.0  0.0
z384               0.465941521          1.0  0.0
z385               -0.402748998         1.0  0.0
z386               -2.019391648E-02     1.0  0.0
z387               -0.148494272         1.0  0.0
z388               -9.475682116E-02     1.0  0.0
z389               -0.160443857         1.0  0.0
z390               -0.494033214         1.0  0.0
z391               -0.532031517         1.0  0.0
z392               0.249340543          1.0  0.0
z393               -1.634617495E-02     1.0  0.0
z394               0.472808875          1.0  0.0
z395               0.683768777          1.0  0.0
z396               -0.282342763         1.0  0.0
z397               -8.238177675E-02     1.0  0.0
z398               0.197142451          1.0  0.0
z399               5.280356846E-02      1.0  0.0
z400               0.107913988          1.0  0.0
z401               -1.925913045E-02     1.0  0.0
z402               -0.517981348         1.0  0.0
z403               -0.222887175         1.0  0.0
z404               1.902741940E-02      1.0  0.0
z405               -0.950351137         1.0  0.0
z406               -0.866385408         1.0  0.0
z407               -3.514059743E-02     1.0  0.0
z408               -1.05374478          1.0  0.0
z409               -0.630771250         1.0  0.0
z410               -0.126335134         1.0  0.0
z411               -0.934707345         1.0  0.0
z412               0.329498276          1.0  0.0
z413               -0.664478056         1.0  0.0
z414               0.464707553          1.0  0.0
z415               -0.261603068         1.0  0.0
z416               0.443889294          1.0  0.0
z417               0.526102727          1.0  0.0
z418               0.251299688          1.0  0.0
z419               5.155365577E-02      1.0  0.0
z420               0.485405302          1.0  0.0
z421               -0.405030220         1.0  0.0
z422               0.309492568          1.0  0.0
z423               -0.210799591         1.0  0.0
z424               -0.130688514         1.0  0.0
z425               -0.448810642         1.0  0.0
z426               -0.197137097         1.0  0.0
z427               0.351745969          1.0  0.0
z428               -0.243653806         1.0  0.0
z429               0.105753088          1.0  0.0
z430               -0.465045758         1.0  0.0
z431               0.512198051          1.0  0.0
z432               -0.548094672         1.0  0.0
z433               -0.364797031         1.0  0.0
z434               0.375312525          1.0  0.0
z435               -0.477043859         1.0  0.0
z436               0.144500618          1.0  0.0
z437               -0.199928361         1.0  0.0
z438               0.187109201          1.0  0.0
z439               -0.190774214         1.0  0.0
z440               -0.586112538         1.0  0.0
z441               -0.364197205         1.0  0.0
z442               -0.221371561         1.0  0.0
z443               -2.353608531E-02     1.0  0.0
z444               0.524671978          1.0  0.0
z445               -0.385677869         1.0  0.0
z446               0.405305606          1.0  0.0
z447               -0.379724227         1.0  0.0
z448               -0.260403180         1.0  0.0
z449               2.396050664E-03      1.0  0.0
z450               0.352962720          1.0  0.0
z451               -1.705252154E-02     1.0  0.0
z452               -0.752276359         1.0  0.0
z453               0.108766850          1.0  0.0
z454               -4.162699735E-02     1.0  0.0
z455               -0.524186924         1.0  0.0
z456               0.112323907          1.0  0.0
z457               0.456713803          1.0  0.0
z458               -2.584175377E-02     1.0  0.0
z459               0.654615886          1.0  0.0
z460               -0.381707502         1.0  0.0
z461               0.192290518          1.0  0.0
z462               -0.573825204         1.0  0.0
z463               0.219077100          1.0  0.0
z464               1.07254979           1.0  0.0
z465               0.372104172          1.0  0.0
z466               -0.256604461         1.0  0.0
z467               -0.266645778         1.0  0.0
z468               0.492871172          1.0  0.0
z469               -0.237335258         1.0  0.0
z470               -0.416121908         1.0  0.0
z471               -0.724992835         1.0  0.0
z472               -0.386675100         1.0  0.0
z473               -0.335767722         1.0  0.0
z474               0.823745792          1.0  0.0
z475               -1.620108003E-02     1.0  0.0
z476               -6.346213763E-02     1.0  0.0
z477               7.147009870E-02      1.0  0.0
z478               -0.744000499         1.0  0.0
z479               -0.545866536         1.0  0.0
z480               -0.407250712         1.0  0.0
z481               -0.101297497         1.0  0.0
z482               0.115707702          1.0  0.0
z483               0.387143951          1.0  0.0
z484               -0.415771939         1.0  0.0
z485               0.856320065          1.0  0.0
z486               -0.160097322         1.0  0.0
z487               -6.074849605E-02     1.0  0.0
z488               -0.341950457         1.0  0.0
z489               0.369238931          1.0  0.0
z490               -0.237759522         1.0  0.0
z491               -0.118246596         1.0  0.0
z492               0.389895105          1.0  0.0
z493               -1.594304117E-02     1.0  0.0
z494               0.276741862          1.0  0.0
z495               0.767302450          1.0  0.0
z496               -8.672768542E-02     1.0  0.0
z497               0.348170970          1.0  0.0
z498               0.454773697          1.0  0.0
z499               3.913217965E-02      1.0  0.0
z500               0.530907593          1.0  0.0
z501               -0.148976396         1.0  0.0
z502               0.169422888          1.0  0.0
z503               0.407416398          1.0  0.0
z504               -0.275847108         1.0  0.0
z505               0.522032251          1.0  0.0
z506               -0.210570534         1.0  0.0
z507               0.176166293          1.0  0.0
z508               -0.551276353         1.0  0.0
z509               0.291475230          1.0  0.0
z510               0.378448033          1.0  0.0
z511               0.215870010          1.0  0.0
z512               0.157503164          1.0  0.0
z513               -3.310849103E-02     1.0  0.0
z514               -0.341310882         1.0  0.0
z515               -0.255830559         1.0  0.0
z516               -0.195653981         1.0  0.0
z517               -6.624838329E-02     1.0  0.0
z518               -5.928109009E-02     1.0  0.0
z519               0.152333770          1.0  0.0
z520               -0.226407048         1.0  0.0
z521               0.874624266          1.0  0.0
z522               7.027504877E-02      1.0  0.0
z523               9.428984884E-02      1.0  0.0
z524               -0.397042616         1.0  0.0
z525               0.377946356          1.0  0.0
z526               0.131527955          1.0  0.0
z527               -1.04551006          1.0  0.0
z528               0.687701430          1.0  0.0
z529               -0.370088497         1.0  0.0
z530               0.208814590          1.0  0.0
z531               0.127773090          1.0  0.0
z532               0.137618881          1.0  0.0
z533               -0.210472978         1.0  0.0
z534               0.923830180          1.0  0.0
z535               0.194478606          1.0  0.0
z536               0.200302390          1.0  0.0
z537               -4.648950182E-02     1.0  0.0
z538               -0.253473421         1.0  0.0
z539               -1.21722499          1.0  0.0
z540               -0.459521454         1.0  0.0
z541               -0.185307441         1.0  0.0
z542               -0.787999204         1.0  0.0
z543               -0.541890626         1.0  0.0
z544               0.779081176          1.0  0.0
z545               -0.300825828         1.0  0.0
z546               0.116176909          1.0  0.0
z547               0.423926318          1.0  0.0
z548               -0.164643320         1.0  0.0
z549               0.161442403          1.0  0.0
z550               -1.08870996          1.0  0.0
z551               0.512389574          1.0  0.0
z552               0.701425590          1.0  0.0
z553               -0.481821359         1.0  0.0
z554               -0.428527214         1.0  0.0
z555               -0.712064871         1.0  0.0
z556               -0.624560583         1.0  0.0
z557               -1.04690422          1.0  0.0
z558               -0.615744338         1.0  0.0
z559               -0.159520519         1.0  0.0
z560               0.203995228          1.0  0.0
z561               0.291250129          1.0  0.0
z562               3.452211769E-02      1.0  0.0
z563               0.242101474          1.0  0.0
z564               -0.116762434         1.0  0.0
z565               0.167999840          1.0  0.0
z566               0.135053841          1.0  0.0
z567               -0.658999542         1.0  0.0
z568               -0.521454620         1.0  0.0
z569               -0.359793373         1.0  0.0
z570               -7.664882099E-02     1.0  0.0
z571               -0.665409634         1.0  0.0
z572               -0.245560954         1.0  0.0
z573               -8.628828126E-02     1.0  0.0
z574               0.128624756          1.0  0.0
z575               -0.809873140         1.0  0.0
z576               -0.722099810         1.0  0.0
z577               0.263871153          1.0  0.0
z578               0.130083064          1.0  0.0
z579               0.418882237          1.0  0.0
z580               -0.195189232         1.0  0.0
z581               -0.558133168         1.0  0.0
z582               0.116160350          1.0  0.0
z583               -4.648616312E-02     1.0  0.0
z584               -1.14521233          1.0  0.0
z585               -1.336967533E-02     1.0  0.0
z586               4.002632932E-02      1.0  0.0
z587               -0.554859905         1.0  0.0
z588               -0.156341382         1.0  0.0
z589               -0.680645619         1.0  0.0
z590               -8.974617017E-02     1.0  0.0
z591               -0.568436613         1.0  0.0
z592               -0.370028219         1.0  0.0
z593               0.324701258          1.0  0.0
z594               0.443767340          1.0  0.0
z595               8.604679142E-02      1.0  0.0
z596               -0.307352823         1.0  0.0
z597               5.538668108E-03      1.0  0.0
z598               -4.671223397E-02     1.0  0.0
z599               0.711942598          1.0  0.0
z600               4.084633902E-02      1.0  0.0
z601               0.108693365          1.0  0.0
z602               -0.410862201         1.0  0.0
z603               0.136041213          1.0  0.0
z604               0.136572947          1.0  0.0
z605               0.345069414          1.0  0.0
z606               0.348752295          1.0  0.0
z607               0.544851551          1.0  0.0
z608               1.02890390           1.0  0.0
z609               0.849784334          1.0  0.0
z610               1.15003573           1.0  0.0
z611               -6.943349198E-02     1.0  0.0
z612               -0.560148739         1.0  0.0
z613               -0.851761066         1.0  0.0
z614               -0.318725145         1.0  0.0
z615               -0.746935275         1.0  0.0
z616               -0.637870962         1.0  0.0
z617               -0.111744811         1.0  0.0
z618               -0.749905002         1.0  0.0
z619               5.490618479E-02      1.0  0.0
z620               5.609682886E-02      1.0  0.0
z621               -0.580833824         1.0  0.0
z622               0.879324636          1.0  0.0
z623               -0.134315315         1.0  0.0
z624               0.152656395          1.0  0.0
z625               0.292352455          1.0  0.0
z626               0.325070737          1.0  0.0
z627               -0.374997415         1.0  0.0
z628               -0.424038614         1.0  0.0
z629               7.542838383E-02      1.0  0.0
z630               -2.516846353E-02     1.0  0.0
z631               -0.116715192         1.0  0.0
z632               -0.566389757         1.0  0.0
z633               5.226815199E-02      1.0  0.0
z634               0.509139537          1.0  0.0
z635               -0.150754591         1.0  0.0
z636               -0.100818350         1.0  0.0
z637               4.821362901E-02      1.0  0.0
z638               -0.389809545         1.0  0.0
z639               0.401770569          1.0  0.0
z640               -0.227068452         1.0  0.0
z641               -0.350674286         1.0  0.0
z642               0.139437385          1.0  0.0
z643               0.423368785          1.0  0.0
z644               -0.215254983         1.0  0.0
z645               0.165179266          1.0  0.0
z646               0.150712595          1.0  0.0
z647               -0.149722705         1.0  0.0
z648               0.207487664          1.0  0.0
z649               0.382867316          1.0  0.0
z650               0.392004847          1.0  0.0
z651               -0.464080681         1.0  0.0
z652               0.965388041          1.0  0.0
z653               0.475528968          1.0  0.0
z654               1.198996571E-02      1.0  0.0
z655               -0.757129696         1.0  0.0
z656               -1.980741120E-02     1.0  0.0
z657               -0.305205536         1.0  0.0
z658               -0.423891136         1.0  0.0
z659               0.136300890          1.0  0.0
z660               4.458801934E-02      1.0  0.0
z661               0.178632602          1.0  0.0
z662               5.743041834E-02      1.0  0.0
z663               0.211085300          1.0  0.0
z664               -2.981889280E-02     1.0  0.0
z665               -0.120810992         1.0  0.0
z666               0.448207383          1.0  0.0
z667               -0.182549944         1.0  0.0
z668               0.473119852          1.0  0.0
z669               0.342739282          1.0  0.0
z670               0.342422026          1.0  0.0
z671               0.148021489          1.0  0.0
z672               0.566582769          1.0  0.0
z673               9.054527864E-02      1.0  0.0
z674               0.419436245          1.0  0.0
z675               0.220437758          1.0  0.0
z676               -0.301189008         1.0  0.0
z677               0.259929753          1.0  0.0
z678               0.600476785          1.0  0.0
z679               -0.197192103         1.0  0.0
z680               -0.410055877         1.0  0.0
z681               5.090380871E-02      1.0  0.0
z682               -0.806307179         1.0  0.0
z683               0.370029454          1.0  0.0
z684               -0.493351294         1.0  0.0
z685               2.882033700E-02      1.0  0.0
z686               0.288658870          1.0  0.0
z687               -0.927389710         1.0  0.0
z688               8.153017249E-02      1.0  0.0
z689               0.235579866          1.0  0.0
z690               -0.521863852         1.0  0.0
z691               -0.106515422         1.0  0.0
z692               -9.639530864E-02     1.0  0.0
z693               -0.217440971         1.0  0.0
z694               -0.356433293         1.0  0.0
z695               -0.198797301         1.0  0.0
z696               -0.107441405         1.0  0.0
z697               -1.533748160E-02     1.0  0.0
z698               -4.529360838E-02     1.0  0.0
z699               -0.119446618         1.0  0.0
z700               0.356583305          1.0  0.0
z701               -1.056567574E-02     1.0  0.0
z702               -0.715883279         1.0  0.0
z703               -0.230409677         1.0  0.0
z704               2.860255307E-02      1.0  0.0
z705               -0.119781197         1.0  0.0
z706               5.645969973E-02      1.0  0.0
z707               0.493540853          1.0  0.0
z708               0.889681940          1.0  0.0
z709               2.157072244E-02      1.0  0.0
z710               -0.304987761         1.0  0.0
z711               1.736207755E-02      1.0  0.0
z712               0.749470530          1.0  0.0
z713               -0.183737113         1.0  0.0
z714               -0.772763907         1.0  0.0
z715               1.02902767           1.0  0.0
z716               -1.143036244E-02     1.0  0.0
z717               -0.601355671         1.0  0.0
z718               4.963154912E-02      1.0  0.0
z719               -0.452435026         1.0  0.0
z720               -0.210042563         1.0  0.0
z721               0.295148718          1.0  0.0
z722               -2.758605732E-02     1.0  0.0
z723               -0.161309761         1.0  0.0
z724               0.770363397          1.0  0.0
z725               1.438302399E-02      1.0  0.0
z726               7.829350403E-02      1.0  0.0
z727               -0.804967845         1.0  0.0
z728               -0.555935553         1.0  0.0
z729               -0.327897638         1.0  0.0
z730               1.033666686E-02      1.0  0.0
z731               0.125317233          1.0  0.0
z732               -0.234656922         1.0  0.0
z733               -0.315783833         1.0  0.0
z734               0.557900282          1.0  0.0
z735               -7.239837668E-02     1.0  0.0
z736               -0.874098075         1.0  0.0
z737               0.803837064          1.0  0.0
z738               -0.640438869         1.0  0.0
z739               -0.106406340         1.0  0.0
z740               7.239273869E-02      1.0  0.0
z741               -9.327238652E-02     1.0  0.0
z742               -0.121647429         1.0  0.0
z743               -0.499888858         1.0  0.0
z744               -5.744963420E-02     1.0  0.0
z745               -0.159163230         1.0  0.0
z746               -6.150650923E-02     1.0  0.0
z747               -0.592053923         1.0  0.0
z748               -0.310633781         1.0  0.0
z749               -0.188437946         1.0  0.0
z750               -0.633675573         1.0  0.0
z751               -0.767776743         1.0  0.0
z752               -8.319810697E-02     1.0  0.0
z753               -0.463961816         1.0  0.0
z754               0.267634611          1.0  0.0
z755               -0.208623184         1.0  0.0
z756               -8.094269980E-02     1.0  0.0
z757               -0.266864315         1.0  0.0
z758               0.131903356          1.0  0.0
z759               0.961118495          1.0  0.0
z760               0.379486808          1.0  0.0
z761               -0.470904937         1.0  0.0
z762               0.451177692          1.0  0.0
z763               -0.146264812         1.0  0.0
z764               0.104480912          1.0  0.0
z765               -0.153064049         1.0  0.0
z766               -0.354974050         1.0  0.0
z767               -0.115242480         1.0  0.0
z768               0.216818570          1.0  0.0
z769               -0.326400053         1.0  0.0
z770               -0.846889195         1.0  0.0
z771               -0.421338608         1.0  0.0
z772               0.332236684          1.0  0.0
z773               0.182727560          1.0  0.0
z774               0.574554997          1.0  0.0
z775               -0.142189788         1.0  0.0
z776               0.141381171          1.0  0.0
z777               -0.338847125         1.0  0.0
z778               -0.101117038         1.0  0.0
z779               0.381817493          1.0  0.0
z780               -7.230777874E-02     1.0  0.0
z781               -0.964499905         1.0  0.0
z782               -0.350484881         1.0  0.0
z783               -7.947136260E-02     1.0  0.0
z784               -0.101913488         1.0  0.0
z785               0.497331738          1.0  0.0
z786               -9.292761896E-02     1.0  0.0
z787               -0.307684667         1.0  0.0
z788               0.731634014          1.0  0.0
z789               -0.626353160         1.0  0.0
z790               0.742417825          1.0  0.0
z791               0.751173361          1.0  0.0
z792               0.323176272          1.0  0.0
z793               0.471382879          1.0  0.0
z794               8.464520606E-02      1.0  0.0
z795               -0.353009481         1.0  0.0
z796               -0.650950736         1.0  0.0
z797               0.556628319          1.0  0.0
z798               -0.483265631         1.0  0.0
z799               -0.243104612         1.0  0.0
z800               4.011406881E-02      1.0  0.0
z801               -0.118623408         1.0  0.0
z802               -1.974286106E-02     1.0  0.0
z803               0.398762633          1.0  0.0
z804               4.023169513E-02      1.0  0.0
z805               -4.813630418E-02     1.0  0.0
z806               4.478350644E-02      1.0  0.0
z807               -0.122578992         1.0  0.0
z808               9.784814670E-02      1.0  0.0
z809               -0.472139839         1.0  0.0
z810               -0.460734775         1.0  0.0
z811               0.184855786          1.0  0.0
z812               0.440090882          1.0  0.0
z813               -7.359566906E-02     1.0  0.0
z814               -0.362657852         1.0  0.0
z815               0.211455995          1.0  0.0
z816               0.227141246          1.0  0.0
z817               -0.717380546         1.0  0.0
z818               -0.411549842         1.0  0.0
z819               0.386499070          1.0  0.0
z820               1.06781518           1.0  0.0
z821               -0.115209247         1.0  0.0
z822               0.269051635          1.0  0.0
z823               -0.269082577         1.0  0.0
z824               0.232397049          1.0  0.0
z825               -2.154225239E-02     1.0  0.0
z826               0.329111039          1.0  0.0
z827               0.135645675          1.0  0.0
z828               0.868641953          1.0  0.0
z829               0.137486139          1.0  0.0
z830               0.430395459          1.0  0.0
z831               -0.206711628         1.0  0.0
z832               0.167874799          1.0  0.0
z833               -0.405331731         1.0  0.0
z834               -0.317095436         1.0  0.0
z835               -0.125342020         1.0  0.0
z836               -0.143607229         1.0  0.0
z837               0.142680556          1.0  0.0
z838               -2.873458946E-02     1.0  0.0
z839               -0.204385224         1.0  0.0
z840               4.493573300E-02      1.0  0.0
z841               -8.809939721E-02     1.0  0.0
z842               -3.103133332E-02     1.0  0.0
z843               0.259849576          1.0  0.0
z844               -0.555235293         1.0  0.0
z845               0.323574949          1.0  0.0
z846               -0.377493931         1.0  0.0
z847               -4.498584487E-02     1.0  0.0
z848               0.295475625          1.0  0.0
z849               4.180632278E-02      1.0  0.0
z850               4.555812100E-02      1.0  0.0
z851               0.508222494          1.0  0.0
z852               0.549612171          1.0  0.0
z853               -1.568393040E-03     1.0  0.0
z854               0.764063665          1.0  0.0
z855               0.207164590          1.0  0.0
z856               0.856923623          1.0  0.0
z857               0.125592566          1.0  0.0
z858               0.349254056          1.0  0.0
z859               -8.742832744E-02     1.0  0.0
z860               -7.240657122E-02     1.0  0.0
z861               0.552547223          1.0  0.0
z862               0.299308781          1.0  0.0
z863               8.471899059E-02      1.0  0.0
z864               -0.434200160         1.0  0.0
z865               -0.435712559         1.0  0.0
z866               -0.523979454         1.0  0.0
z867               1.234032091E-02      1.0  0.0
z868               -6.064253148E-02     1.0  0.0
z869               -1.779946962E-02     1.0  0.0
z870               -2.663714069E-03     1.0  0.0
z871               0.292253579          1.0  0.0
z872               0.141799633          1.0  0.0
z873               1.073738238E-04      1.0  0.0
z874               -0.497468338         1.0  0.0
z875               -4.326591985E-04     1.0  0.0
z876               0.330561991          1.0  0.0
z877               0.264317366          1.0  0.0
z878               0.335558254          1.0  0.0
z879               0.166485945          1.0  0.0
z880               0.489995573          1.0  0.0
z881               0.765808286          1.0  0.0
z882               0.640203534          1.0  0.0
z883               2.404438908E-02      1.0  0.0
z884               0.201797073          1.0  0.0
z885               0.223606039          1.0  0.0
z886               0.841733597          1.0  0.0
z887               0.527673407          1.0  0.0
z888               -7.053810061E-02     1.0  0.0
z889               0.200449864          1.0  0.0
z890               0.490767626          1.0  0.0
z891               -0.188555720         1.0  0.0
z892               0.474643669          1.0  0.0
z893               0.223780320          1.0  0.0
z894               0.718139452          1.0  0.0
z895               -5.347927553E-02     1.0  0.0
z896               -0.335936173         1.0  0.0
z897               -0.107593130         1.0  0.0
z898               0.159532809          1.0  0.0
z899               -0.138430434         1.0  0.0
z900               -9.238963209E-02     1.0  0.0
