-2.901373300000001D-001
 4.347284930000000D-001
 1.228339810000000D-001
 7.616810700000000D-002
-3.932528560000000D-001
 6.763066010000000D-001
 5.098067180000000D-001
-7.501270630000000D-001
-7.798110814000002D-002
-1.205453121000000D-002
-3.054228380000000D-001
 3.217203890000000D-001
 1.253962440000000D-002
 2.875499050000000D-001
 4.926438920000000D-001
-3.911401460000000D-001
 6.085964560000000D-001
 5.936959390000000D-001
-2.674436980000000D-001
 2.771881640000000D-001
 2.092925670000000D-001
 3.983470400000000D-001
-2.128224660000000D-001
 3.520740663000000D-002
 4.943227410000000D-001
 3.022837920000000D-001
-3.740697280000000D-001
 9.001818938000000D-002
-2.998816200000000D-001
-7.316068620000000D-001
-6.867281030000000D-001
 3.924565300000001D-001
-6.072298544000000D-003
 3.903754270000000D-001
 1.345099460000000D-001
 3.843510300000000D-001
 5.442017230000000D-001
 7.886533310000000D-001
 2.924188000000000D-001
-3.324953830000000D-001
 3.774944036000000D-002
 1.500791930000000D-001
-2.789216015000000D-002
 1.240870930000000D-001
 1.775125210000000D-001
-3.211447820000000D-001
 2.074438720000000D-001
 2.674550660000000D-001
 5.004466990000002D-001
 2.975212840000000D-001
-3.795300000000000D-001
 4.798264410000000D-001
-1.020546426000000D-002
-1.597516060000000D-001
-2.736461900000000D-001
 1.151744900000000D-001
 2.218887370000000D-001
-5.454059640000000D-001
 2.214515410000000D-001
 2.054880410000000D-001
 2.099578930000000D-001
 3.301891390000000D-001
-4.018451140000000D-001
 8.136664080000000D-001
 5.585176220000000D-001
-8.341131560000000D-001
-7.051178266000000D-002
-4.106471950000000D-001
 7.940383953000002D-002
 3.246290720000000D-001
 4.721771830000000D-001
 8.226621853000000D-002
-3.191093620000000D-001
-3.329401324000000D-004
-7.333703044000002D-002
-7.372668760000000D-001
-9.237038189000000D-002
-2.891186960000000D-001
 2.638494610000000D-001
 1.660310732000000D-003
 2.089715890000000D-001
 6.046363047000000D-002
-4.692738420000000D-001
-4.935149555000000D-002
 1.763177260000000D-001
-9.706091390000000D-001
 3.399293074000001D-002
 1.122245920000000D-001
 4.548318890000000D-001
-8.690569690000000D-001
 6.812020410000000D-001
 3.987672940000000D-001
 7.044603530000000D-001
 8.194785888000000D-002
-2.597539240000000D-001
-8.150158550000000D-002
 7.259540320000000D-001
-7.067852430000000D-003
-5.017321683000000D-002
-2.844689920000000D-001
-3.263063170000000D-001
 3.119787830000000D-001
-2.445556860000000D-001
-9.556651120000000D-001
-4.300423450000000D-001
 8.994803650000000D-001
 4.025783146000000D-002
-5.924310680000000D-001
-3.193359129000000D-002
 3.269685740000000D-001
-1.038686860000000D+000
-1.879824570000000D-001
-1.279792760000000D-001
-5.890781170000000D-002
-5.426286400000000D-001
 1.055823080000000D-001
-3.231410050000000D-001
-2.719416590000000D-001
 6.883971400000000D-001
 2.349609250000000D-001
 9.610796825000000D-002
-8.297983550000000D-001
 1.944307050000000D-001
 8.487704685000000D-002
-1.378680510000000D-001
-8.516577040000000D-001
-7.597700170000000D-001
-3.015063610000000D-001
-2.688486440000001D-001
-5.596921470000000D-001
-7.705393380000000D-001
-7.475843530000000D-001
-4.327388440000000D-001
-2.749656950000000D-001
 2.404433360000000D-001
-2.415474140000000D-001
-4.070669750000000D-001
-7.026863640000000D-001
-3.930362670000000D-001
-1.046596220000000D+000
-2.393898350000000D-001
-3.346063810000000D-001
 1.003468230000000D-001
-3.844959750000000D-001
 6.408357990000000D-001
 3.097409730000000D-001
 7.426197930000000D-001
 4.623771054000000D-002
 2.546501620000000D-001
 1.554353800000000D-001
 3.353075820000000D-001
-1.439974070000000D-001
-6.164849184000000D-002
-1.965282510000000D-001
 8.286550051000000D-002
 2.688823980000000D-001
 1.061365640000000D-001
-7.654532620000000D-001
-9.687982744000000D-002
-2.267864000000000D-001
-1.268804040000000D+000
-5.742616450000000D-001
-7.253841060000000D-001
-5.345988470000000D-001
-2.178147310000000D-001
 3.257496220000000D-001
-9.787103520000000D-001
-3.984420510000000D-001
-2.764831330000000D-001
-6.769697390000000D-001
-5.021714050000000D-001
-9.566129516000000D-002
-6.883842500000000D-001
-4.521524020000000D-001
-4.087432115000000D-002
 7.360599400000000D-001
 2.002293200000000D-001
 4.325149410000000D-001
-2.168518230000000D-001
 4.988072020000000D-001
 4.585108480000000D-001
 4.330568500000000D-001
-6.394382850000000D-001
 1.524573200000000D-001
 2.974870780000000D-001
 4.088555372000000D-003
 1.380472410000000D-001
-8.555299510000000D-001
-7.421848170000002D-001
-5.275397450000000D-001
-3.321611760000000D-001
-3.613024850000000D-001
-5.608865100000000D-001
-3.055428970000000D-001
 1.195103363000000D-002
-7.048945222000000D-002
-3.077764850000000D-001
 4.961541760000000D-001
-1.124481040000000D+000
-4.545124960000000D-001
-5.476274990000000D-001
-7.084211500000002D-001
-9.597549340000000D-001
 1.178170200000000D-001
-4.807934320000000D-001
-2.416571780000000D-001
 6.945095340000000D-001
 1.440428182000000D-002
 2.863470410000000D-001
 6.858516520000000D-001
 1.707946090000000D-001
-1.453488200000000D-001
-5.884702204000000D-002
 4.461021980000000D-001
-3.758936130000000D-001
 3.037841892000000D-003
-1.065302800000000D-001
-4.399383212000000D-002
 1.872474010000000D-001
-3.450833690000000D-001
-5.017625220000000D-001
 1.733360650000000D-001
-2.241525890000000D-001
 9.256763921000000D-002
 6.710545770000000D-001
-3.663274740000000D-001
 8.151358260000000D-001
 7.614416050000000D-001
-9.799355687000000D-002
-6.722310890000000D-001
-5.857873770000002D-001
-2.866279730000000D-001
-4.481025720000000D-001
-2.234952990000000D-001
 2.970124911000000D-002
-2.004411190000000D-001
-1.965672164000000D-004
 6.252150070000000D-001
 1.755453220000000D-001
 4.039054748000000D-003
-1.999221932000000D-002
-2.578627220000000D-001
 6.185787370000000D-001
 6.180017470000000D-001
 8.873064337000000D-002
-2.003178860000000D-001
 1.314014700000000D-001
-8.313506647000000D-002
-5.572072870000000D-001
 1.525564920000000D-001
 2.182722450000000D-001
-5.337236340000000D-001
-5.348919579000000D-002
-3.404696469000000D-002
 5.315720190000000D-001
 1.189401060000000D+000
 8.059765410000000D-001
 7.197698180000000D-001
 6.945995020000000D-001
-6.341040610000002D-001
-9.284593090000000D-001
-3.511206500000000D-001
 2.575994530000000D-001
-1.684686610000000D-001
-3.013891160000000D-001
 7.109102314000000D-002
 1.446843490000000D-001
-2.301601280000000D-001
 4.408241790000000D-001
-9.306512300000000D-001
 3.213433120000000D-001
 3.419464660000000D-001
-1.532780790000000D-001
 4.734415687000000D-002
 1.564583740000000D-001
 2.677823020000001D-001
 2.493802180000000D-001
 4.328076390000000D-001
-6.747796010000000D-001
-1.713722250000000D-001
 1.653551760000000D-001
 3.748176860000000D-001
-3.174744780000000D-001
 7.622161120000000D-001
 7.725762610000000D-001
 2.979595930000000D-001
 1.192184230000000D+000
 7.251145620000000D-001
 9.971379690000000D-001
 9.481042810000000D-001
 5.933707200000000D-001
-3.614417340000000D-001
-5.915979350000000D-001
-8.996976040000000D-001
 2.534697180000000D-001
 1.500603240000000D-001
-3.229601050000000D-001
 2.271751360000000D-001
-3.442770970000000D-001
 1.598286350000000D-001
 1.264877880000000D+000
 3.460322580000000D-001
 7.575169030000000D-001
 7.975761660000000D-001
 3.093166960000000D-001
-4.334081410000000D-001
-3.618704250000000D-001
 1.109451523000000D-002
 3.377525200000000D-001
-2.748292940000000D-001
 6.253154133000000D-002
-1.856294010000000D-001
-3.793194597000000D-002
 3.085571170000000D-001
-5.085306300000000D-001
 1.316610600000000D-001
 1.199620760000000D-001
 1.038882870000000D+000
 8.458796690000000D-001
 1.677896700000000D-001
-2.921699700000000D-001
-2.767233560000000D-001
-1.204941470000000D-001
-6.479759910000000D-001
-1.594885750000000D-001
-1.725106360000000D-001
-7.052310720000000D-001
 2.912108120000000D-001
-2.555302377000000D-002
 2.545100590000000D-001
 3.628435040000000D-001
 1.095140540000000D-001
 1.926940410000000D-001
 4.514344920000000D-001
 7.831029857000002D-002
 3.567183960000000D-001
 7.008978280000000D-003
-6.701446550000000D-001
 1.035201110000000D-001
-2.399232330000000D-001
 2.887531950000000D-001
-1.196045490000000D+000
-1.289366170000000D+000
-2.874768550000000D-001
-6.273914820000000D-001
-4.195022530000000D-001
-1.250118660000000D-001
 7.053848527000002D-002
 8.278488840000002D-002
 8.332771355000002D-003
-2.857244290000000D-001
-1.706740380000000D+000
-5.597305960000000D-001
-1.965618750000000D-001
-1.234674580000000D-001
-1.317895900000000D-001
 5.426155000000000D-001
-5.428165160000000D-001
 1.875267590000000D-001
 1.441104010000000D-001
 2.154202220000000D-001
-3.046928860000000D-001
-2.144121730000000D-001
 3.757385960000000D-001
 1.664849426000000D-002
 5.611443410000000D-001
-1.750970140000000D-001
-4.354371170000000D-001
-1.320456780000000D-001
-3.152247810000000D-001
-3.877653327000001D-002
 5.108967210000002D-001
-8.781654740000000D-001
-1.384670260000000D+000
-6.746606070000000D-001
-1.644228210000000D-001
-6.876745650000000D-001
-2.288697520000000D-001
-7.187543060000000D-001
-6.797677200000000D-001
-1.661984620000000D-001
-3.396102150000000D-001
-6.046498540000000D-001
 4.659415210000000D-001
-4.027489980000000D-001
-2.019391648000000D-002
-1.484942720000000D-001
-9.475682116000000D-002
-1.604438570000000D-001
-4.940332140000000D-001
-5.320315170000000D-001
 2.493405430000000D-001
-1.634617495000000D-002
 4.728088750000000D-001
 6.837687770000000D-001
-2.823427630000000D-001
-8.238177675000000D-002
 1.971424510000000D-001
 5.280356846000000D-002
 1.079139880000000D-001
-1.925913045000000D-002
-5.179813480000000D-001
-2.228871750000000D-001
 1.902741940000000D-002
-9.503511370000000D-001
-8.663854080000000D-001
-3.514059743000001D-002
-1.053744780000000D+000
-6.307712500000000D-001
-1.263351340000000D-001
-9.347073450000000D-001
 3.294982760000000D-001
-6.644780560000000D-001
 4.647075530000000D-001
-2.616030680000000D-001
 4.438892940000000D-001
 5.261027270000000D-001
 2.512996880000000D-001
 5.155365577000000D-002
 4.854053020000000D-001
-4.050302200000000D-001
 3.094925680000000D-001
-2.107995910000000D-001
-1.306885140000000D-001
-4.488106420000000D-001
-1.971370970000000D-001
 3.517459690000000D-001
-2.436538060000000D-001
 1.057530880000000D-001
-4.650457580000000D-001
 5.121980510000000D-001
-5.480946720000000D-001
-3.647970310000000D-001
 3.753125250000000D-001
-4.770438590000000D-001
 1.445006180000000D-001
-1.999283610000000D-001
 1.871092010000000D-001
-1.907742140000000D-001
-5.861125380000000D-001
-3.641972050000000D-001
-2.213715610000000D-001
-2.353608531000000D-002
 5.246719780000000D-001
-3.856778690000000D-001
 4.053056060000000D-001
-3.797242270000001D-001
-2.604031800000000D-001
 2.396050664000000D-003
 3.529627200000000D-001
-1.705252154000000D-002
-7.522763590000000D-001
 1.087668500000000D-001
-4.162699735000000D-002
-5.241869240000000D-001
 1.123239070000000D-001
 4.567138030000000D-001
-2.584175377000000D-002
 6.546158860000000D-001
-3.817075020000000D-001
 1.922905180000000D-001
-5.738252040000000D-001
 2.190771000000000D-001
 1.072549790000000D+000
 3.721041720000000D-001
-2.566044610000000D-001
-2.666457780000000D-001
 4.928711720000000D-001
-2.373352580000000D-001
-4.161219080000000D-001
-7.249928350000000D-001
-3.866751000000000D-001
-3.357677220000000D-001
 8.237457920000000D-001
-1.620108003000000D-002
-6.346213763000000D-002
 7.147009870000000D-002
-7.440004990000000D-001
-5.458665360000000D-001
-4.072507120000000D-001
-1.012974970000000D-001
 1.157077020000000D-001
 3.871439510000000D-001
-4.157719390000000D-001
 8.563200650000000D-001
-1.600973220000000D-001
-6.074849605000000D-002
-3.419504570000000D-001
 3.692389310000000D-001
-2.377595220000000D-001
-1.182465960000000D-001
 3.898951050000000D-001
-1.594304117000000D-002
 2.767418620000000D-001
 7.673024500000000D-001
-8.672768542000002D-002
 3.481709700000000D-001
 4.547736970000000D-001
 3.913217965000000D-002
 5.309075930000000D-001
-1.489763960000000D-001
 1.694228880000000D-001
 4.074163980000000D-001
-2.758471080000000D-001
 5.220322510000000D-001
-2.105705340000000D-001
 1.761662930000000D-001
-5.512763530000000D-001
 2.914752300000000D-001
 3.784480330000000D-001
 2.158700100000000D-001
 1.575031640000000D-001
-3.310849103000000D-002
-3.413108820000000D-001
-2.558305590000000D-001
-1.956539810000000D-001
-6.624838329000000D-002
-5.928109009000000D-002
 1.523337700000000D-001
-2.264070480000000D-001
 8.746242660000000D-001
 7.027504877000000D-002
 9.428984884000000D-002
-3.970426160000000D-001
 3.779463560000000D-001
 1.315279550000000D-001
-1.045510060000000D+000
 6.877014300000000D-001
-3.700884970000000D-001
 2.088145900000000D-001
 1.277730900000000D-001
 1.376188810000000D-001
-2.104729780000000D-001
 9.238301800000000D-001
 1.944786060000000D-001
 2.003023900000000D-001
-4.648950182000000D-002
-2.534734210000000D-001
-1.217224990000000D+000
-4.595214540000000D-001
-1.853074410000000D-001
-7.879992040000000D-001
-5.418906260000000D-001
 7.790811760000000D-001
-3.008258280000000D-001
 1.161769090000000D-001
 4.239263180000000D-001
-1.646433200000000D-001
 1.614424030000000D-001
-1.088709960000000D+000
 5.123895740000000D-001
 7.014255900000000D-001
-4.818213590000000D-001
-4.285272140000000D-001
-7.120648710000000D-001
-6.245605830000000D-001
-1.046904220000000D+000
-6.157443380000000D-001
-1.595205190000000D-001
 2.039952280000000D-001
 2.912501290000000D-001
 3.452211769000000D-002
 2.421014740000000D-001
-1.167624340000000D-001
 1.679998400000000D-001
 1.350538410000000D-001
-6.589995420000000D-001
-5.214546200000000D-001
-3.597933730000001D-001
-7.664882099000002D-002
-6.654096340000000D-001
-2.455609540000000D-001
-8.628828126000000D-002
 1.286247560000000D-001
-8.098731400000000D-001
-7.220998100000000D-001
 2.638711530000000D-001
 1.300830640000000D-001
 4.188822370000000D-001
-1.951892320000000D-001
-5.581331680000000D-001
 1.161603500000000D-001
-4.648616312000000D-002
-1.145212330000000D+000
-1.336967533000000D-002
 4.002632932000000D-002
-5.548599050000000D-001
-1.563413820000000D-001
-6.806456190000000D-001
-8.974617017000000D-002
-5.684366130000000D-001
-3.700282190000000D-001
 3.247012580000000D-001
 4.437673400000000D-001
 8.604679142000000D-002
-3.073528230000000D-001
 5.538668108000000D-003
-4.671223397000000D-002
 7.119425980000000D-001
 4.084633902000000D-002
 1.086933650000000D-001
-4.108622010000000D-001
 1.360412130000000D-001
 1.365729470000000D-001
 3.450694140000000D-001
 3.487522950000000D-001
 5.448515510000000D-001
 1.028903900000000D+000
 8.497843340000000D-001
 1.150035730000000D+000
-6.943349198000000D-002
-5.601487390000000D-001
-8.517610660000000D-001
-3.187251450000000D-001
-7.469352750000000D-001
-6.378709620000000D-001
-1.117448110000000D-001
-7.499050020000000D-001
 5.490618479000000D-002
 5.609682886000000D-002
-5.808338240000002D-001
 8.793246360000000D-001
-1.343153150000000D-001
 1.526563950000000D-001
 2.923524550000000D-001
 3.250707370000000D-001
-3.749974150000000D-001
-4.240386140000000D-001
 7.542838383000000D-002
-2.516846353000000D-002
-1.167151920000000D-001
-5.663897570000000D-001
 5.226815199000000D-002
 5.091395370000000D-001
-1.507545910000000D-001
-1.008183500000000D-001
 4.821362901000000D-002
-3.898095450000000D-001
 4.017705690000000D-001
-2.270684520000000D-001
-3.506742860000000D-001
 1.394373850000000D-001
 4.233687850000001D-001
-2.152549830000000D-001
 1.651792660000000D-001
 1.507125950000000D-001
-1.497227050000000D-001
 2.074876640000000D-001
 3.828673160000000D-001
 3.920048470000000D-001
-4.640806810000000D-001
 9.653880410000000D-001
 4.755289680000000D-001
 1.198996571000000D-002
-7.571296960000000D-001
-1.980741120000000D-002
-3.052055360000000D-001
-4.238911360000000D-001
 1.363008900000000D-001
 4.458801934000000D-002
 1.786326020000000D-001
 5.743041834000000D-002
 2.110853000000000D-001
-2.981889280000000D-002
-1.208109920000000D-001
 4.482073830000000D-001
-1.825499440000000D-001
 4.731198520000000D-001
 3.427392820000000D-001
 3.424220260000000D-001
 1.480214890000000D-001
 5.665827690000000D-001
 9.054527864000000D-002
 4.194362450000000D-001
 2.204377580000000D-001
-3.011890080000000D-001
 2.599297530000000D-001
 6.004767850000000D-001
-1.971921030000000D-001
-4.100558770000000D-001
 5.090380871000000D-002
-8.063071790000000D-001
 3.700294540000000D-001
-4.933512940000000D-001
 2.882033700000000D-002
 2.886588700000000D-001
-9.273897100000000D-001
 8.153017249000000D-002
 2.355798660000000D-001
-5.218638520000000D-001
-1.065154220000000D-001
-9.639530864000000D-002
-2.174409710000000D-001
-3.564332930000000D-001
-1.987973010000000D-001
-1.074414050000000D-001
-1.533748160000000D-002
-4.529360838000000D-002
-1.194466180000000D-001
 3.565833050000000D-001
-1.056567574000000D-002
-7.158832790000000D-001
-2.304096770000000D-001
 2.860255307000000D-002
-1.197811970000000D-001
 5.645969973000000D-002
 4.935408530000000D-001
 8.896819400000000D-001
 2.157072244000000D-002
-3.049877610000000D-001
 1.736207755000000D-002
 7.494705300000000D-001
-1.837371130000000D-001
-7.727639070000000D-001
 1.029027670000000D+000
-1.143036244000000D-002
-6.013556710000000D-001
 4.963154912000000D-002
-4.524350260000000D-001
-2.100425630000000D-001
 2.951487180000000D-001
-2.758605732000000D-002
-1.613097610000000D-001
 7.703633970000000D-001
 1.438302399000000D-002
 7.829350403000000D-002
-8.049678450000000D-001
-5.559355530000000D-001
-3.278976380000000D-001
 1.033666686000000D-002
 1.253172330000000D-001
-2.346569220000000D-001
-3.157838330000000D-001
 5.579002820000000D-001
-7.239837668000000D-002
-8.740980750000000D-001
 8.038370640000000D-001
-6.404388690000000D-001
-1.064063400000000D-001
 7.239273869000000D-002
-9.327238652000000D-002
-1.216474290000000D-001
-4.998888580000000D-001
-5.744963420000000D-002
-1.591632300000000D-001
-6.150650923000000D-002
-5.920539230000000D-001
-3.106337810000000D-001
-1.884379460000000D-001
-6.336755730000000D-001
-7.677767430000000D-001
-8.319810697000000D-002
-4.639618160000000D-001
 2.676346110000000D-001
-2.086231840000000D-001
-8.094269980000000D-002
-2.668643150000000D-001
 1.319033560000000D-001
 9.611184950000000D-001
 3.794868080000000D-001
-4.709049370000000D-001
 4.511776920000000D-001
-1.462648120000000D-001
 1.044809120000000D-001
-1.530640490000000D-001
-3.549740500000000D-001
-1.152424800000000D-001
 2.168185700000000D-001
-3.264000530000000D-001
-8.468891950000000D-001
-4.213386080000000D-001
 3.322366840000000D-001
 1.827275600000000D-001
 5.745549970000000D-001
-1.421897880000000D-001
 1.413811710000000D-001
-3.388471250000001D-001
-1.011170380000000D-001
 3.818174930000000D-001
-7.230777874000000D-002
-9.644999050000000D-001
-3.504848810000001D-001
-7.947136260000000D-002
-1.019134880000000D-001
 4.973317380000000D-001
-9.292761896000000D-002
-3.076846670000000D-001
 7.316340140000002D-001
-6.263531600000000D-001
 7.424178250000000D-001
 7.511733610000000D-001
 3.231762720000000D-001
 4.713828790000000D-001
 8.464520606000002D-002
-3.530094810000000D-001
-6.509507360000000D-001
 5.566283190000000D-001
-4.832656310000000D-001
-2.431046120000000D-001
 4.011406881000000D-002
-1.186234080000000D-001
-1.974286106000000D-002
 3.987626330000000D-001
 4.023169513000000D-002
-4.813630418000000D-002
 4.478350644000000D-002
-1.225789920000000D-001
 9.784814670000000D-002
-4.721398390000000D-001
-4.607347750000000D-001
 1.848557860000000D-001
 4.400908820000000D-001
-7.359566906000000D-002
-3.626578520000000D-001
 2.114559950000000D-001
 2.271412460000000D-001
-7.173805460000000D-001
-4.115498420000000D-001
 3.864990700000000D-001
 1.067815180000000D+000
-1.152092470000000D-001
 2.690516350000000D-001
-2.690825770000000D-001
 2.323970490000000D-001
-2.154225239000000D-002
 3.291110390000000D-001
 1.356456750000000D-001
 8.686419530000000D-001
 1.374861390000000D-001
 4.303954590000000D-001
-2.067116280000000D-001
 1.678747990000000D-001
-4.053317310000000D-001
-3.170954360000000D-001
-1.253420200000000D-001
-1.436072290000000D-001
 1.426805560000000D-001
-2.873458946000000D-002
-2.043852240000000D-001
 4.493573300000000D-002
-8.809939721000000D-002
-3.103133332000000D-002
 2.598495760000001D-001
-5.552352930000000D-001
 3.235749490000000D-001
-3.774939310000000D-001
-4.498584487000000D-002
 2.954756250000000D-001
 4.180632278000000D-002
 4.555812100000000D-002
 5.082224940000000D-001
 5.496121710000000D-001
-1.568393040000000D-003
 7.640636650000000D-001
 2.071645900000000D-001
 8.569236230000000D-001
 1.255925660000000D-001
 3.492540560000000D-001
-8.742832744000000D-002
-7.240657122000000D-002
 5.525472230000000D-001
 2.993087810000000D-001
 8.471899059000000D-002
-4.342001600000000D-001
-4.357125590000000D-001
-5.239794540000000D-001
 1.234032091000000D-002
-6.064253148000000D-002
-1.779946962000000D-002
-2.663714069000000D-003
 2.922535790000000D-001
 1.417996330000000D-001
 1.073738238000000D-004
-4.974683380000000D-001
-4.326591985000001D-004
 3.305619910000000D-001
 2.643173660000000D-001
 3.355582540000000D-001
 1.664859450000000D-001
 4.899955730000000D-001
 7.658082860000000D-001
 6.402035340000000D-001
 2.404438908000000D-002
 2.017970730000000D-001
 2.236060390000000D-001
 8.417335970000000D-001
 5.276734070000000D-001
-7.053810061000000D-002
 2.004498640000000D-001
 4.907676260000000D-001
-1.885557200000000D-001
 4.746436690000000D-001
 2.237803200000000D-001
 7.181394520000000D-001
-5.347927553000000D-002
-3.359361730000000D-001
-1.075931300000000D-001
 1.595328090000000D-001
-1.384304340000000D-001
-9.238963209000000D-002
