 7.121742600000000D-003
 1.796151100000000D-002
 1.034145500000000D-002
-8.251083500000004D-003
-1.699903900000000D-002
-8.087704000000000D-003
-4.868990000000000D-003
-6.880825600000000D-003
 1.720053000000000D-002
 9.687513300000000D-003
 1.185017700000000D-003
-6.293986600000000D-003
-3.770386100000000D-003
 1.642715500000000D-003
-4.068949300000000D-003
-4.471747900000000D-003
-1.306531100000000D-003
-4.750335600000000D-003
 4.833121800000000D-003
 5.631945800000000D-003
 9.345322400000000D-003
-1.190646000000000D-002
-6.547471500000000D-003
-1.319785300000000D-002
-1.292931500000000D-002
-1.313156500000000D-002
-3.874663500000000D-003
-7.179974000000000D-003
-4.887323100000000D-004
 2.589541800000000D-002
-8.180541400000000D-003
-4.803262700000000D-003
-1.195487100000000D-002
-1.229022000000000D-002
-5.251149000000000D-003
-7.490135700000000D-003
-2.068893200000000D-003
 2.672072500000000D-004
-2.163508100000000D-003
 6.541793400000000D-003
-9.272424800000000D-003
-6.006816000000000D-003
-1.617362500000000D-002
-1.017327700000000D-002
-1.402034500000000D-002
-9.349033200000000D-003
-4.729978000000000D-003
-9.267557000000000D-004
 6.130294400000000D-003
 7.001628700000000D-003
-2.389507200000000D-002
-1.103208900000000D-002
-1.451186700000000D-002
-1.486176400000000D-002
-4.779686200000000D-002
-1.133735600000000D-002
-8.552004700000000D-003
-1.630808100000000D-002
-1.545032100000000D-002
 4.378123900000000D-004
-2.648021500000000D-002
-1.998631000000000D-002
-1.913262000000000D-002
-1.924286200000000D-002
-2.622745100000000D-002
-1.268883400000000D-002
-1.581704600000000D-002
-8.856333100000002D-003
-5.908143200000000D-003
-7.056465200000000D-003
-2.213954100000000D-002
-2.786590300000000D-002
 1.129793900000000D-002
-1.433542100000000D-002
-1.455337700000000D-002
-1.395156500000000D-002
-5.133660500000000D-003
-5.367531100000000D-003
-1.804869300000000D-002
-6.624281200000000D-005
-1.356554800000000D-002
-3.173049900000000D-002
-3.985600100000000D-002
-3.419677500000000D-002
-1.863277400000000D-002
-2.095776800000000D-002
-1.734909100000000D-002
-1.217380100000000D-002
-4.579982600000000D-003
-7.286323600000000D-003
-1.097792700000000D-002
-4.584275400000000D-003
-4.025989500000000D-002
-2.721194400000000D-002
-3.337038800000000D-002
-3.050262600000000D-002
-1.592635800000000D-002
-5.664291800000000D-003
-6.502309600000000D-003
-2.164975200000000D-004
