0.0312574
0.498685
-0.384554
0.725757
0.365389
0.941902
-0.0371306
0.263131
-0.414004
0.67882
0.111783
0.239391
-0.329236
0.203321
0.121333
-0.172958
0.470392
-0.90412
-0.93017
-0.282028
0.44413
-0.146473
-0.0897661
0.152349
-0.716753
0.385039
-0.280269
-0.234981
0.0985357
-0.115548
-0.658994
-0.0193392
0.214294
0.0972731
0.0289694
-0.459004
-0.250291
0.201558
0.173017
-0.398704
0.62407
0.0923659
-0.373246
-0.305797
0.446582
-0.275702
0.105217
-0.467262
0.382994
-0.332252
-0.495761
0.105256
1.08949
0.336477
-0.100493
0.403393
-0.506832
-1.43763
-0.241364
-0.0320006
0.837497
-0.216866
0.265537
0.0579618
-0.299476
-0.513327
-0.189534
-1.07666
-0.0152947
-0.384806
0.275465
0.271323
-0.205778
-0.20573
0.569183
-0.0548611
-0.3186
0.197384
0.145404
-0.738164
-0.0784546
-0.741138
-1.00703
-0.12296
0.5005
0.726377
-1.32594
0.51342
-0.170581
-0.742798
0.529521
-0.483973
-0.210136
-0.40228
-0.224287
-0.454936
-0.139204
0.348436
0.115284
-0.517553
0.336052
0.481525
-0.29288
0.158405
-0.79427
1.06053
0.243395
-0.177781
0.609697
-0.254667
-0.809303
-0.918804
-0.479401
-0.0340279
-0.377704
0.615115
-0.328965
-0.258001
-0.151217
-0.202973
-0.153958
-0.578499
-0.430552
0.716649
-0.091275
-0.100573
0.385518
-0.851642
0.197029
0.204338
-0.000202914
0.102063
0.0874199
-0.10886
-0.641104
-0.449112
-0.536408
-0.343062
-0.424954
0.688048
0.117386
-0.00729096
0.202703
-0.543541
-0.220351
0.330666
0.143595
0.33747
-0.424383
0.351742
-0.0746867
0.512173
0.0866298
0.542878
0.0240551
0.362231
0.148799
-0.296434
0.372869
-0.0939525
0.15962
-0.040489
-0.0592161
-0.146151
0.291757
0.135825
0.136095
0.163954
-0.160407
-0.569563
0.366203
0.466971
0.305714
-0.148592
-0.264036
0.0304018
0.408655
-0.0370939
-0.945163
-0.293914
0.330268
0.124824
-0.300838
0.301997
0.123594
-0.180867
-0.124743
0.24837
-0.630094
-0.699775
0.41591
0.0314507
0.0813897
-0.274981
0.177556
0.0788887
-0.320206
0.240073
-0.362202
0.145343
-0.398633
0.0918255
0.213792
0.268825
0.600454
-0.0919689
-0.0693594
-0.0426128
0.187925
-0.228747
0.641112
-0.400481
-0.63601
-0.716422
0.461867
-0.249923
-0.218513
0.0354184
-1.23422
-0.0392489
-0.489273
0.262205
0.43944
-0.133731
0.744471
-0.0833917
-0.0386937
0.342914
0.187524
-0.362651
-0.757514
1.25252
-1.22429
-0.765791
-0.571305
0.146427
-0.699759
-0.205679
0.887536
-1.17901
-0.387967
-0.371118
-0.076474
0.136607
-0.425757
0.121966
-0.302086
-0.342166
-0.292644
-0.351786
-0.216921
-0.13033
-0.297329
0.631909
0.637485
0.602612
1.00476
1.3143
0.0236244
0.0186795
-0.0689865
-0.347728
0.764196
-0.587873
-0.406448
-0.0589333
0.177384
-0.579348
-0.348904
-0.879766
-0.302824
-0.234998
-0.596496
-0.432879
-0.0696766
0.320615
0.396474
-0.132162
-0.25832
0.217479
-0.619754
-0.0776167
-0.17704
-0.331097
0.442936
0.223125
0.20394
-0.033991
0.134208
0.181857
0.0992544
-0.0379973
0.00906429
-0.390363
-0.577989
-0.235922
-0.366612
-0.763835
-0.354825
0.712089
0.205309
-0.0980896
0.438551
-0.126653
0.983081
0.0212682
-0.517246
-0.544287
0.456801
-0.0785804
-0.0723465
-0.121114
-1.69219
-0.297246
-0.479064
0.793231
0.16874
0.399699
-0.118112
0.54187
-0.438549
-0.253755
0.40586
-0.894214
-0.760908
-0.218226
-0.438313
0.181181
0.0391438
0.481306
0.388504
-0.502417
-0.618031
0.737442
0.212956
-0.32028
0.353603
-0.175817
0.175657
-0.167009
-0.740842
-0.523437
-0.529544
0.139025
-0.0566136
-1.37437
0.66725
1.10721
0.757668
-0.134121
0.309969
-0.581992
-0.137713
-0.221487
-0.607055
-1.07488
0.0361332
-0.388984
-0.0801871
0.0571855
-0.384659
-0.0681073
0.309
-0.23175
0.736708
-0.145004
-0.773379
0.414581
0.489893
0.324331
0.310015
-0.403469
-1.06314
-0.322448
-0.0893263
-0.857849
0.0188495
0.0717409
0.0700832
-0.576461
0.212433
-0.350381
-0.477435
-0.14535
0.346615
-1.59725
-0.433347
0.259694
-0.0939564
0.197834
0.306413
-0.480632
-0.548291
-0.0594911
-0.514044
0.343271
-0.601253
0.217541
-0.550167
0.317266
-0.497654
-0.657759
0.413979
-0.423356
-0.110313
-0.25164
0.36809
-0.320208
0.0203869
0.403119
-0.0762496
-0.549529
-0.729158
-0.506531
0.524767
-0.159249
0.316777
-0.0433644
0.347926
1.03748
-0.19101
0.0663101
0.0947718
0.838532
-0.28433
-0.247417
0.595696
-0.103932
-0.0470554
-0.200458
0.545583
0.261829
-0.15565
0.122155
-0.32239
0.104343
0.213799
-1.10638
-0.187266
-0.519049
-0.0267917
-0.122665
-0.919064
0.349016
0.0836858
-0.717014
0.469787
0.32462
-0.29158
0.289406
-0.426565
-0.44845
-0.125831
0.0215442
-0.132853
-0.520603
-0.378488
0.196978
0.0993679
-0.166014
-0.189028
0.128878
-0.12356
0.0262307
0.262472
0.4388
-0.364704
-0.399486
-0.448545
-0.188028
-0.961907
0.46034
-0.651587
1.56671
-0.69119
0.492431
0.0778577
1.00221
-0.0973479
-0.0785633
0.00814873
-0.114413
0.1349
0.258478
-0.131081
-0.0612804
-0.391551
0.0611479
-0.075801
0.0184972
0.60495
-0.565471
-0.571651
0.746237
-1.10284
-0.351881
-0.305981
0.0703286
0.714838
0.441905
-0.186597
-0.501146
-0.457743
0.389592
-0.128428
-0.72425
-0.374725
-0.33051
0.674364
0.198587
-0.541075
-0.0790562
0.0139361
-0.376488
-0.377038
0.482219
-0.196706
0.49411
-0.172134
0.240092
0.434747
0.14376
0.490866
-0.0701978
-0.398081
-0.342994
-0.261508
-0.585621
0.361939
-0.453276
-0.534923
-0.558493
-0.288358
-0.764466
-1.22754
0.285723
-0.246834
0.652725
-0.27557
0.119348
-0.294563
0.20468
0.538829
0.503069
0.849463
0.0730914
0.417953
-0.107545
0.24384
-0.347902
-0.175706
0.649398
0.851876
0.796606
-0.848629
-0.222922
-0.0345138
-0.402197
-0.149562
0.256539
0.515784
-0.208522
-0.219651
-0.448553
1.11245
-0.529663
0.179495
0.0942228
0.450289
0.344471
0.103213
-0.513564
0.15493
-0.893235
-0.637651
0.253065
0.229707
-0.32224
-0.0109229
0.110688
-0.215305
0.234117
-0.555592
0.162288
-0.165519
-0.486148
-0.754317
-0.120413
-0.449702
-0.756174
0.037695
-0.240381
-0.442287
-0.0611097
0.600301
0.0881906
0.753565
0.161267
-0.401018
0.681068
0.0494494
-0.219321
-0.435172
-0.541442
-0.561742
0.603824
-0.479388
0.756154
0.245
0.152552
-0.511977
-0.718171
-1.29146
-0.370594
-0.548887
0.0679399
-0.304663
-0.192544
-0.497799
0.0144266
-0.0362461
0.532714
-0.23274
0.334347
0.367784
0.757516
0.0890876
-0.775837
0.467112
-0.604959
-0.128433
0.196529
-0.856374
-0.203916
-0.377534
0.365955
0.0561679
-0.0688927
-0.0480078
1.21226
0.624287
-0.609739
0.382794
0.861264
0.258741
-0.256741
0.453018
0.124632
-0.225181
0.686838
-0.286574
0.640495
-0.296253
0.285414
0.462603
-0.262888
0.769255
0.260105
-0.546083
0.20226
-0.38399
0.697745
0.144314
-0.504232
0.634612
0.474387
-0.153794
-0.106888
-0.692178
-0.393281
-0.152189
0.0763966
0.214665
0.0638751
-0.532487
0.0133421
-0.165683
-0.451354
0.176579
-0.29882
0.622353
-0.577168
-0.32634
0.156248
-0.405553
-0.321209
-0.878135
-0.0986024
0.281405
0.21247
0.602971
0.0202691
-0.0590406
0.368677
-0.517152
-0.293631
-0.346952
0.424302
-0.350895
-0.353262
0.277276
-0.763495
-0.384459
-0.192246
0.101616
-0.611344
0.281032
-0.0776667
-0.665951
0.0526
-0.48145
0.342654
0.402738
-0.466136
0.315311
0.133968
0.258812
-0.109062
0.0767139
-0.19368
0.154902
-0.102427
0.444938
0.443347
-0.0973897
0.870493
-0.292377
-0.29486
-0.272478
0.00570554
0.0962164
0.161843
0.50412
0.0753187
0.648123
0.125206
0.320194
-0.177199
0.0472038
-0.233256
-0.416571
1.04487
0.762987
0.548139
-0.149391
-0.606577
0.349627
0.0576756
0.115677
-0.562299
-0.354125
0.507433
-0.360895
-0.429999
0.392973
0.340757
0.187986
-0.563394
0.0618196
0.0866506
0.0811222
0.51823
-0.137436
0.137981
-0.122367
-0.00803791
-0.432717
0.195665
0.181932
-0.20061
-0.316854
0.12125
0.663694
-0.226898
0.670513
-0.252704
-0.0842821
-0.365753
1.1883
-0.0711038
-0.926472
-0.738078
-0.0856055
0.0279432
-0.0562683
0.128214
-0.00522225
-0.134325
-0.387418
-0.745165
0.0923756
0.320117
0.432874
0.376524
0.23169
-0.224422
-0.514398
0.69
-0.750155
-1.19006
-0.282379
-0.10174
0.328189
-0.0881792
0.136434
-0.16149
-0.0257957
0.49525
0.213535
0.282736
0.147541
-0.162543
0.389854
0.149713
-0.771721
0.11203
-0.0700313
0.370724
0.07558
0.0749614
0.210783
0.0653072
0.838305
0.0046193
0.275905
-0.543608
-0.518227
-0.59105
0.0415362
-0.331877
-0.211902
-0.147486
-0.117577
-0.0522359
-0.576076
-0.280068
0.0977147
0.461336
-0.00892417
-0.199154
0.178101
-0.85774
-0.385808
-0.0646487
-0.664952
-0.671853
0.564938
-0.181864
0.303952
0.487271
0.351042
-0.794074
-0.157317
-0.0588066
0.538724
0.0981984
-0.591487
0.14895
-0.0813872
-0.0263078
0.167756
0.799679
0.531767
-0.355423
-0.224039
-0.0768648
0.528679
0.103013
-0.469838
0.0670878
-0.384163
-0.376463
-0.266182
-0.16282
-0.518859
0.0051826
-1.00688
0.0442686
0.0620462
-0.574072
0.925805
0.401169
-0.608407
0.107415
-0.231376
0.208937
-0.122846
-0.851877
0.0979495
0.171145
1.00338
0.408958
0.537467
-0.105346
-0.0983837
0.0512694
0.328142
0.393951
0.900884
0.216662
