0.0492836
0.138375
0.174548
-0.618593
-0.419561
-0.0675919
0.292406
0.121005
-0.343572
0.419572
0.707589
0.687329
-0.349283
-0.276332
-0.128951
0.027585
-0.211064
0.0758422
-0.224118
-0.430545
-0.502482
-0.152406
0.485386
0.604964
-0.367706
-0.516697
-0.260298
-0.535423
0.418881
0.655291
-0.185858
-0.719761
0.0851136
0.254744
-0.389431
0.827786
0.179412
0.105847
-0.651451
0.279315
0.256106
-0.149494
-0.272212
-0.167042
-0.450709
-0.720048
0.315392
0.405798
0.7212
0.29118
-1.01124
-0.000473225
-0.0916278
-0.75837
0.147457
0.179916
-0.898964
0.77873
-0.458077
0.111398
1.09851
-0.390263
0.0843244
0.033159
-0.233963
0.446647
0.492437
0.142243
0.126487
0.109441
-0.419822
-0.694431
0.397401
-0.313965
0.272925
0.176642
0.313611
0.125254
-0.210451
-0.0389243
-0.733855
0.264264
0.666539
-0.218026
0.162008
-0.606369
-0.122224
-0.233432
-0.337383
-0.0226085
-0.525693
0.443273
-0.247529
0.018546
-0.390721
-0.230106
0.129076
-0.290703
0.463069
-0.879039
