  double point
           k_m     1.000000000000000         1.000000         0.000000    
         zfac1    0.6774489585351229        5.7800000E-02     0.000000    
         zfac2    8.5264252558309689E-02    5.7800000E-02     0.000000    
         zfac3   -0.1718522853936851        5.7800000E-02     0.000000    
         zfac4   -0.3353225281761938        5.7800000E-02     0.000000    
         zfac5   -0.2803077019329585        5.7800000E-02     0.000000    
         zfac6    1.5942794603326989E-02    5.7800000E-02     0.000000    
         zfac7   -0.3691058414302595        5.7800000E-02     0.000000    
         zfac8    0.3519555063509395        5.7800000E-02     0.000000    
         zfac9   -0.5098531364441004        5.7800000E-02     0.000000    
        zfac10   -0.4117598901236332        5.7800000E-02     0.000000    
        zfac11    0.6228268031913911        5.7800000E-02     0.000000    
        zfac12   -1.4024805619307960E-02    5.7800000E-02     0.000000    
        zfac13    0.1847840459351436        5.7800000E-02     0.000000    
        zfac14    0.1361624417303841        5.7800000E-02     0.000000    
        zfac15   -9.9920958633961943E-02    5.7800000E-02     0.000000    
        zfac16   -0.4064121553022146        5.7800000E-02     0.000000    
        zfac17   -0.2081733582428720        5.7800000E-02     0.000000    
        zfac18    9.2659575427626303E-02    5.7800000E-02     0.000000    
        zfac19   -3.5676133174100351E-02    5.7800000E-02     0.000000    
        zfac20   -0.2156685753899481        5.7800000E-02     0.000000    
        zfac21   -0.1031171976871453        5.7800000E-02     0.000000    
        zfac22    0.1939108976348305        5.7800000E-02     0.000000    
        zfac23    0.4876812894764740        5.7800000E-02     0.000000    
        zfac24    0.1040409315961263        5.7800000E-02     0.000000    
        zfac25   -0.2315722919184429        5.7800000E-02     0.000000    
        zfac26   -0.5052784880189620        5.7800000E-02     0.000000    
        zfac27   -0.2123753168066782        5.7800000E-02     0.000000    
        zfac28    0.5446338048512648        5.7800000E-02     0.000000    
        zfac29    0.1084542173219568        5.7800000E-02     0.000000    
        zfac30   -0.1289710033221972        5.7800000E-02     0.000000    
        zfac31    5.2942230564503465E-02    5.7800000E-02     0.000000    
        zfac32    0.7190961058737474        5.7800000E-02     0.000000    
        zfac33   -0.3552963547565917        5.7800000E-02     0.000000    
        zfac34    7.8748071086591695E-02    5.7800000E-02     0.000000    
        zfac35    0.3510677146585346        5.7800000E-02     0.000000    
        zfac36    0.1917240948032907        5.7800000E-02     0.000000    
        zfac37   -0.4140167658885640        5.7800000E-02     0.000000    
        zfac38    0.2440309123332578        5.7800000E-02     0.000000    
        zfac39   -0.2378376157082872        5.7800000E-02     0.000000    
        zfac40   -0.3289241774287024        5.7800000E-02     0.000000    
        zfac41   -0.8345165878284256        5.7800000E-02     0.000000    
        zfac42    5.7810089130901389E-02    5.7800000E-02     0.000000    
        zfac43     1.264953266303417        5.7800000E-02     0.000000    
        zfac44    0.4498537898999100        5.7800000E-02     0.000000    
        zfac45   -0.2581347449091004        5.7800000E-02     0.000000    
        zfac46   -0.2983345453882872        5.7800000E-02     0.000000    
        zfac47   -0.5417474131529066        5.7800000E-02     0.000000    
        zfac48   -2.3889980984065744E-02    5.7800000E-02     0.000000    
        zfac49   -0.3659663453329066        5.7800000E-02     0.000000    
        zfac50     1.541713485437223        5.7800000E-02     0.000000    
        zfac51   -0.6863522856153460        5.7800000E-02     0.000000    
        zfac52    1.8205025419330452E-02    5.7800000E-02     0.000000    
        zfac53    0.3819517196284481        5.7800000E-02     0.000000    
        zfac54    0.1472894714546298        5.7800000E-02     0.000000    
        zfac55   -0.3391419298458996        5.7800000E-02     0.000000    
        zfac56   -0.3907157749071107        5.7800000E-02     0.000000    
        zfac57    0.1234033479492267        5.7800000E-02     0.000000    
        zfac58   -0.1990080654192561        5.7800000E-02     0.000000    
        zfac59   -0.1310375846274568        5.7800000E-02     0.000000    
        zfac60    4.0441255314134950E-02    5.7800000E-02     0.000000    
        zfac61   -0.1973166485536505        5.7800000E-02     0.000000    
        zfac62   -0.2627083139348616        5.7800000E-02     0.000000    
        zfac63    8.2077167161731843E-02    5.7800000E-02     0.000000    
        zfac64   -0.2073911311207613        5.7800000E-02     0.000000    
        zfac65    0.1942961952895675        5.7800000E-02     0.000000    
        zfac66    0.8457444645608858        5.7800000E-02     0.000000    
        zfac67     1.019642551467054        5.7800000E-02     0.000000    
        zfac68   -0.1552955169720415        5.7800000E-02     0.000000    
        zfac69    0.5893375207243339        5.7800000E-02     0.000000    
        zfac70   -8.6021785449359872E-02    5.7800000E-02     0.000000    
        zfac71    0.1027673597383391        5.7800000E-02     0.000000    
        zfac72   -0.2014233981262630        5.7800000E-02     0.000000    
        zfac73    0.1448014897751903        5.7800000E-02     0.000000    
        zfac74    0.2146672816478201        5.7800000E-02     0.000000    
        zfac75    0.7162143512468617        5.7800000E-02     0.000000    
        zfac76    0.1975741979492301        5.7800000E-02     0.000000    
        zfac77   -0.3938329810139101        5.7800000E-02     0.000000    
        zfac78   -0.2162113831433218        5.7800000E-02     0.000000    
        zfac79   -0.7123711563158823        5.7800000E-02     0.000000    
        zfac80   -0.6135859815168858        5.7800000E-02     0.000000    
        zfac81   -0.6347949663202422        5.7800000E-02     0.000000    
        zfac82   -0.2355309422703460        5.7800000E-02     0.000000    
        zfac83   -0.1441734782846540        5.7800000E-02     0.000000    
        zfac84   -0.1098150197938754        5.7800000E-02     0.000000    
        zfac85    0.1974936415775190        5.7800000E-02     0.000000    
        zfac86    0.8107853940772181        5.7800000E-02     0.000000    
        zfac87   -0.3550466052025087        5.7800000E-02     0.000000    
        zfac88   -0.8013161879363323        5.7800000E-02     0.000000    
        zfac89   -0.6726460322925606        5.7800000E-02     0.000000    
        zfac90   -2.5552715684498274E-02    5.7800000E-02     0.000000    
        zfac91   -0.2294567241903287        5.7800000E-02     0.000000    
        zfac92   -8.2717399749723197E-02    5.7800000E-02     0.000000    
        zfac93    0.2904572517070121        5.7800000E-02     0.000000    
        zfac94    0.4608786015584083        5.7800000E-02     0.000000    
        zfac95    0.2905137418955433        5.7800000E-02     0.000000    
        zfac96    4.8075568668136684E-02    5.7800000E-02     0.000000    
        zfac97    0.4116834159393634        5.7800000E-02     0.000000    
        zfac98   -0.1783052170488235        5.7800000E-02     0.000000    
        zfac99   -0.5377561946886679        5.7800000E-02     0.000000    
       zfac100    0.1179957878290381        5.7800000E-02     0.000000    
       zfac101    0.3352812551452855        5.7800000E-02     0.000000    
       zfac102   -0.3579345868940312        5.7800000E-02     0.000000    
       zfac103   -0.2791208175254499        5.7800000E-02     0.000000    
       zfac104    1.3502698580679930E-02    5.7800000E-02     0.000000    
       zfac105    0.2265360559090900        5.7800000E-02     0.000000    
       zfac106   -0.2655442229397924        5.7800000E-02     0.000000    
       zfac107   -0.3694493145186678        5.7800000E-02     0.000000    
       zfac108   -0.1100214690520588        5.7800000E-02     0.000000    
       zfac109   -2.0555083348442908E-02    5.7800000E-02     0.000000    
       zfac110    1.9577655122833913E-02    5.7800000E-02     0.000000    
       zfac111   -2.6088810290536335E-02    5.7800000E-02     0.000000    
       zfac112    0.1978093674867111        5.7800000E-02     0.000000    
       zfac113    0.6276941060943668        5.7800000E-02     0.000000    
       zfac114    6.6129512005152255E-02    5.7800000E-02     0.000000    
       zfac115   -0.1502335619283045        5.7800000E-02     0.000000    
       zfac116    0.4661173195592907        5.7800000E-02     0.000000    
       zfac117   -0.1760302146321107        5.7800000E-02     0.000000    
       zfac118   -9.2031724985069202E-02    5.7800000E-02     0.000000    
       zfac119   -9.6213016962716266E-02    5.7800000E-02     0.000000    
       zfac120   -9.1744653789186850E-02    5.7800000E-02     0.000000    
       zfac121   -0.3003377944305191        5.7800000E-02     0.000000    
       zfac122   -5.6673312861418690E-02    5.7800000E-02     0.000000    
       zfac123   -0.1449740243645156        5.7800000E-02     0.000000    
       zfac124    0.2178228007100865        5.7800000E-02     0.000000    
       zfac125   -4.2958929566366787E-02    5.7800000E-02     0.000000    
       zfac126   -0.2548899913358651        5.7800000E-02     0.000000    
       zfac127    2.3496595553235296E-02    5.7800000E-02     0.000000    
       zfac128   -0.2077226050571107        5.7800000E-02     0.000000    
       zfac129    0.4156943188424689        5.7800000E-02     0.000000    
       zfac130    0.4296793168450052        5.7800000E-02     0.000000    
       zfac131   -6.9599891087543256E-03    5.7800000E-02     0.000000    
       zfac132    0.1326180354199429        5.7800000E-02     0.000000    
       zfac133   -8.9262577520121109E-02    5.7800000E-02     0.000000    
       zfac134    0.7081485194946956        5.7800000E-02     0.000000    
       zfac135   -0.2228882162945502        5.7800000E-02     0.000000    
       zfac136   -0.1611315142984602        5.7800000E-02     0.000000    
       zfac137   -0.4898484961504844        5.7800000E-02     0.000000    
       zfac138   -0.1114184236573529        5.7800000E-02     0.000000    
       zfac139   -0.4417249897742907        5.7800000E-02     0.000000    
       zfac140   -0.2166191262672837        5.7800000E-02     0.000000    
       zfac141   -0.2883710271814187        5.7800000E-02     0.000000    
       zfac142    0.4080658267860087        5.7800000E-02     0.000000    
       zfac143   -0.3078400006518512        5.7800000E-02     0.000000    
       zfac144   -0.4657925752924568        5.7800000E-02     0.000000    
       zfac145    0.3465806007986350        5.7800000E-02     0.000000    
       zfac146   -0.3295001966761419        5.7800000E-02     0.000000    
       zfac147    -1.026059312138097        5.7800000E-02     0.000000    
       zfac148   -4.0681843878373709E-02    5.7800000E-02     0.000000    
       zfac149   -0.4947209772257786        5.7800000E-02     0.000000    
       zfac150   -0.1055847531239273        5.7800000E-02     0.000000    
       zfac151    0.7432312227156264        5.7800000E-02     0.000000    
       zfac152    7.8067705249532876E-03    5.7800000E-02     0.000000    
       zfac153    0.3982438465652405        5.7800000E-02     0.000000    
       zfac154   -0.3093312273506574        5.7800000E-02     0.000000    
       zfac155   -0.5381202716672145        5.7800000E-02     0.000000    
       zfac156    7.2564230183439452E-02    5.7800000E-02     0.000000    
       zfac157   -0.1455909281231315        5.7800000E-02     0.000000    
       zfac158   -0.1581950903151730        5.7800000E-02     0.000000    
       zfac159   -0.2316961781985294        5.7800000E-02     0.000000    
       zfac160    0.8801524585805468        5.7800000E-02     0.000000    
       zfac161   -0.1496769462138755        5.7800000E-02     0.000000    
       zfac162   -0.2919702105350346        5.7800000E-02     0.000000    
       zfac163    0.1215301062721799        5.7800000E-02     0.000000    
       zfac164    0.2105655309250675        5.7800000E-02     0.000000    
       zfac165    0.2874215144335035        5.7800000E-02     0.000000    
       zfac166   -0.3418018539894118        5.7800000E-02     0.000000    
       zfac167    0.4632346544749689        5.7800000E-02     0.000000    
       zfac168   -0.2170296780820415        5.7800000E-02     0.000000    
       zfac169    3.5307715554010383E-02    5.7800000E-02     0.000000    
       zfac170   -0.3568516638525087        5.7800000E-02     0.000000    
       zfac171    0.1178251734249706        5.7800000E-02     0.000000    
       zfac172   -0.2726141731993426        5.7800000E-02     0.000000    
       zfac173   -0.3136256741686678        5.7800000E-02     0.000000    
       zfac174   -0.2382727066097924        5.7800000E-02     0.000000    
       zfac175    0.2811944039009291        5.7800000E-02     0.000000    
       zfac176   -0.3239213725462457        5.7800000E-02     0.000000    
       zfac177    6.1644352042647066E-02    5.7800000E-02     0.000000    
       zfac178    0.5579286873804689        5.7800000E-02     0.000000    
       zfac179   -0.1146675409446367        5.7800000E-02     0.000000    
       zfac180   -0.2117137971109862        5.7800000E-02     0.000000    
       zfac181   -0.1407449497785640        5.7800000E-02     0.000000    
       zfac182   -0.5296922850243426        5.7800000E-02     0.000000    
       zfac183   -0.6356049833652423        5.7800000E-02     0.000000    
       zfac184    0.4500271749780727        5.7800000E-02     0.000000    
       zfac185    9.3915711706854671E-02    5.7800000E-02     0.000000    
       zfac186   -3.2542927008304503E-03    5.7800000E-02     0.000000    
       zfac187    0.5934836289294221        5.7800000E-02     0.000000    
       zfac188   -0.1559204952859516        5.7800000E-02     0.000000    
       zfac189   -0.1864301856230277        5.7800000E-02     0.000000    
       zfac190    1.1254574865250866E-03    5.7800000E-02     0.000000    
       zfac191   -0.2651879813576125        5.7800000E-02     0.000000    
       zfac192   -6.3551342845501735E-02    5.7800000E-02     0.000000    
       zfac193   -0.1193309442689446        5.7800000E-02     0.000000    
       zfac194     1.205986935004206        5.7800000E-02     0.000000    
       zfac195    0.1156057967531696        5.7800000E-02     0.000000    
       zfac196   -0.6200153719291869        5.7800000E-02     0.000000    
       zfac197   -0.5204564708373184        5.7800000E-02     0.000000    
       zfac198   -0.5649662095276644        5.7800000E-02     0.000000    
       zfac199   -0.4674544482975433        5.7800000E-02     0.000000    
       zfac200   -0.1674714683953633        5.7800000E-02     0.000000    
       zfac201    4.4129519870986157E-02    5.7800000E-02     0.000000    
       zfac202   -0.5392068717467647        5.7800000E-02     0.000000    
       zfac203    0.6349674850957768        5.7800000E-02     0.000000    
       zfac204    0.2171290456408218        5.7800000E-02     0.000000    
       zfac205   -0.3331184118137370        5.7800000E-02     0.000000    
       zfac206    3.8300436164164363E-02    5.7800000E-02     0.000000    
       zfac207    3.8074719041294121E-02    5.7800000E-02     0.000000    
       zfac208   -0.1381120195596021        5.7800000E-02     0.000000    
       zfac209   -0.2265097937625778        5.7800000E-02     0.000000    
       zfac210    0.5511900147654412        5.7800000E-02     0.000000    
       zfac211    0.6375425341637302        5.7800000E-02     0.000000    
       zfac212   -0.3106012416467301        5.7800000E-02     0.000000    
       zfac213   -0.1725178290008997        5.7800000E-02     0.000000    
       zfac214   -0.3212413272861592        5.7800000E-02     0.000000    
       zfac215    0.4557258429702249        5.7800000E-02     0.000000    
       zfac216   -0.4251344153826990        5.7800000E-02     0.000000    
       zfac217   -7.0219609397577862E-02    5.7800000E-02     0.000000    
       zfac218    0.1182785996529446        5.7800000E-02     0.000000    
       zfac219   -0.6119790520314533        5.7800000E-02     0.000000    
       zfac220    0.5933498427357389        5.7800000E-02     0.000000    
       zfac221   -7.3256244476591695E-02    5.7800000E-02     0.000000    
       zfac222   -0.7039855174992907        5.7800000E-02     0.000000    
       zfac223    0.4103752116955104        5.7800000E-02     0.000000    
       zfac224    5.9525741837247410E-02    5.7800000E-02     0.000000    
       zfac225   -0.5860788018281488        5.7800000E-02     0.000000    
       zfac226    3.9630755647602073E-02    5.7800000E-02     0.000000    
       zfac227    0.4302261587638824        5.7800000E-02     0.000000    
       zfac228     1.052933522238694        5.7800000E-02     0.000000    
       zfac229   -0.1397165223835467        5.7800000E-02     0.000000    
       zfac230   -6.6213622488910037E-02    5.7800000E-02     0.000000    
       zfac231    0.4712695339880987        5.7800000E-02     0.000000    
       zfac232   -0.3044204097408824        5.7800000E-02     0.000000    
       zfac233   -0.5313255704418339        5.7800000E-02     0.000000    
       zfac234    4.9610717035015572E-02    5.7800000E-02     0.000000    
       zfac235    0.2002055698373685        5.7800000E-02     0.000000    
       zfac236    0.2316490362972370        5.7800000E-02     0.000000    
       zfac237   -0.1720979756794118        5.7800000E-02     0.000000    
       zfac238   -0.4079978690277509        5.7800000E-02     0.000000    
       zfac239    0.5697196365534827        5.7800000E-02     0.000000    
       zfac240    0.5827080520438391        5.7800000E-02     0.000000    
       zfac241    0.9373474645743339        5.7800000E-02     0.000000    
       zfac242   -0.2794325539230277        5.7800000E-02     0.000000    
       zfac243   -0.1146468902717301        5.7800000E-02     0.000000    
       zfac244    0.4327252174351592        5.7800000E-02     0.000000    
       zfac245   -0.3106340753014187        5.7800000E-02     0.000000    
       zfac246   -1.2928045063408306E-02    5.7800000E-02     0.000000    
       zfac247    0.3293922246506575        5.7800000E-02     0.000000    
       zfac248   -0.3682189389034602        5.7800000E-02     0.000000    
       zfac249    3.4704150970555361E-02    5.7800000E-02     0.000000    
       zfac250   -0.1789856046278201        5.7800000E-02     0.000000    
       zfac251   -0.1943871918019896        5.7800000E-02     0.000000    
       zfac252    0.9877194176479602        5.7800000E-02     0.000000    
       zfac253    0.7807863451814775        5.7800000E-02     0.000000    
       zfac254    0.1949240058245363        5.7800000E-02     0.000000    
       zfac255   -9.5397352291660908E-02    5.7800000E-02     0.000000    
       zfac256   -3.3415431759653981E-02    5.7800000E-02     0.000000    
       zfac257   -0.1202832763560035        5.7800000E-02     0.000000    
       zfac258    6.0485251450961945E-02    5.7800000E-02     0.000000    
       zfac259    0.5000829573287232        5.7800000E-02     0.000000    
       zfac260    0.5055951387787232        5.7800000E-02     0.000000    
       zfac261   -0.1822561460401038        5.7800000E-02     0.000000    
       zfac262   -0.2193153096235986        5.7800000E-02     0.000000    
       zfac263   -0.3363445165439620        5.7800000E-02     0.000000    
       zfac264   -0.2965179266571281        5.7800000E-02     0.000000    
       zfac265    0.4437481795175450        5.7800000E-02     0.000000    
       zfac266    0.5966990925571282        5.7800000E-02     0.000000    
       zfac267   -5.4938454734498272E-02    5.7800000E-02     0.000000    
       zfac268   -3.0448559255847753E-02    5.7800000E-02     0.000000    
       zfac269   -0.2620916069493598        5.7800000E-02     0.000000    
       zfac270   -0.5222990449299654        5.7800000E-02     0.000000    
       zfac271   -0.2943105270554325        5.7800000E-02     0.000000    
       zfac272    0.3307065315356626        5.7800000E-02     0.000000    
       zfac273    0.1737274493918339        5.7800000E-02     0.000000    
       zfac274    1.4306385633351211E-02    5.7800000E-02     0.000000    
       zfac275   -0.3197639548966609        5.7800000E-02     0.000000    
       zfac276    0.2590852836558062        5.7800000E-02     0.000000    
       zfac277   -0.2260445623180623        5.7800000E-02     0.000000    
       zfac278   -0.1522934221268512        5.7800000E-02     0.000000    
       zfac279    0.2142945629687024        5.7800000E-02     0.000000    
       zfac280    0.4578583439821972        5.7800000E-02     0.000000    
       zfac281   -0.3784777587799827        5.7800000E-02     0.000000    
       zfac282    0.6990359036151782        5.7800000E-02     0.000000    
       zfac283   -2.2641468272128030E-02    5.7800000E-02     0.000000    
       zfac284   -0.5620583722358304        5.7800000E-02     0.000000    
       zfac285   -0.4773357187635294        5.7800000E-02     0.000000    
       zfac286   -5.3499780619031150E-02    5.7800000E-02     0.000000    
       zfac287   -0.2833453215984948        5.7800000E-02     0.000000    
       zfac288    7.6925800754352944E-02    5.7800000E-02     0.000000    
       zfac289   -0.1242255990482180        5.7800000E-02     0.000000    
       zfac290    0.7265184480073322        5.7800000E-02     0.000000    
       zfac291    4.9854223477012113E-02    5.7800000E-02     0.000000    
       zfac292   -0.5640785224725952        5.7800000E-02     0.000000    
       zfac293   -0.2794570032446886        5.7800000E-02     0.000000    
       zfac294   -7.3746658308408305E-02    5.7800000E-02     0.000000    
       zfac295    0.2873423504229792        5.7800000E-02     0.000000    
       zfac296   -0.3808985937475606        5.7800000E-02     0.000000    
       zfac297    5.0394770802752599E-02    5.7800000E-02     0.000000    
       zfac298   -8.6024360484653992E-02    5.7800000E-02     0.000000    
       zfac299   -0.3010368043232007        5.7800000E-02     0.000000    
       zfac300   -0.1193268245151384        5.7800000E-02     0.000000    
         z_aa1    1.4954401692885680E-02     1.000000         0.000000    
         z_aa2    7.0734772923862127E-02     1.000000         0.000000    
         z_aa3    6.1312297909637110E-02     1.000000         0.000000    
         z_aa4    7.0417844462671381E-02     1.000000         0.000000    
         z_aa5    7.0382162024649933E-02     1.000000         0.000000    
         z_aa6    4.0531204153604269E-02     1.000000         0.000000    
         z_aa7    3.9755775994457607E-02     1.000000         0.000000    
         z_aa8    3.7906772992195532E-02     1.000000         0.000000    
         z_aa9    0.1056850852901298         1.000000         0.000000    
        z_aa10    4.2599159678298477E-02     1.000000         0.000000    
        z_aa11    6.0117872425317673E-02     1.000000         0.000000    
        z_aa12    3.0125551808661461E-02     1.000000         0.000000    
        z_aa13    5.0162878843096920E-02     1.000000         0.000000    
        z_aa14    5.8396134236088512E-02     1.000000         0.000000    
        z_aa15    6.5104907111845065E-02     1.000000         0.000000    
        z_aa16    6.3980406560126116E-02     1.000000         0.000000    
        z_aa17    0.1257760470261218         1.000000         0.000000    
        z_aa18    4.6285770865079200E-02     1.000000         0.000000    
        z_aa19    8.6594187797663258E-02     1.000000         0.000000    
        z_aa20    0.1205550247644996         1.000000         0.000000    
        z_aa21    1.9119446708391431E-02     1.000000         0.000000    
        z_aa22   -7.4083055336786330E-06     1.000000         0.000000    
        z_aa23    5.9874414642419632E-02     1.000000         0.000000    
        z_aa24    6.0176739973747763E-02     1.000000         0.000000    
        z_aa25    6.3406594350626705E-02     1.000000         0.000000    
        z_aa26    6.9417013173326214E-02     1.000000         0.000000    
        z_aa27    0.1076831127459197         1.000000         0.000000    
        z_aa28    0.1064946616362710         1.000000         0.000000    
        z_aa29    0.1437647917195215         1.000000         0.000000    
        z_aa30    0.1306923090456355         1.000000         0.000000    
        z_aa31    1.1873076029042589E-02     1.000000         0.000000    
        z_aa32    3.0744509750025351E-02     1.000000         0.000000    
        z_aa33    3.1264487721757113E-02     1.000000         0.000000    
        z_aa34    4.1230271198933632E-02     1.000000         0.000000    
        z_aa35    0.1178881347906622         1.000000         0.000000    
        z_aa36    9.5449642108362126E-02     1.000000         0.000000    
        z_aa37    5.1666398285620467E-02     1.000000         0.000000    
        z_aa38    0.1400160025653563         1.000000         0.000000    
        z_aa39    0.1439221353917902         1.000000         0.000000    
        z_aa40    4.2436132635258791E-02     1.000000         0.000000    
        z_aa41    3.0368414934073620E-03     1.000000         0.000000    
        z_aa42    1.0743524126078901E-04     1.000000         0.000000    
        z_aa43   -3.4972508231435988E-02     1.000000         0.000000    
        z_aa44    5.3724852335788748E-02     1.000000         0.000000    
        z_aa45    3.2639901196924850E-02     1.000000         0.000000    
        z_aa46    4.8458710116291263E-02     1.000000         0.000000    
        z_aa47    0.1539827008733314         1.000000         0.000000    
        z_aa48   -0.1051953857060216         1.000000         0.000000    
        z_aa49    0.1023679521608557         1.000000         0.000000    
        z_aa50   -1.3130293553966781E-03     1.000000         0.000000    
        z_aa51   -1.7694479944350680E-02     1.000000         0.000000    
        z_aa52   -1.1128678105177829E-02     1.000000         0.000000    
        z_aa53   -3.3458998410383738E-02     1.000000         0.000000    
        z_aa54   -8.0137583582835584E-02     1.000000         0.000000    
        z_aa55   -0.2403141210064559         1.000000         0.000000    
        z_aa56   -4.1797532669674113E-03     1.000000         0.000000    
        z_aa57   -1.3379116720654781E-02     1.000000         0.000000    
        z_aa58    2.2546668550162300E-02     1.000000         0.000000    
        z_aa59    3.5993480101139751E-02     1.000000         0.000000    
        z_aa60    6.6811340189345605E-02     1.000000         0.000000    
        z_aa61   -7.9417642769587612E-02     1.000000         0.000000    
        z_aa62   -4.9777086677008073E-02     1.000000         0.000000    
        z_aa63   -5.7411904962613468E-02     1.000000         0.000000    
        z_aa64   -0.3763814474544285         1.000000         0.000000    
        z_aa65   -5.0476868612097672E-02     1.000000         0.000000    
        z_aa66   -3.3113314068693923E-02     1.000000         0.000000    
        z_aa67   -0.7581681304597665         1.000000         0.000000    
        z_aa68    5.9789079207511909E-03     1.000000         0.000000    
        z_aa69   -2.4310501308675309E-03     1.000000         0.000000    
        z_aa70   -7.4648015220518281E-05     1.000000         0.000000    
        z_aa71    4.9491419192365729E-03     1.000000         0.000000    
        z_aa72   -9.8722661994754837E-02     1.000000         0.000000    
        z_aa73   -6.1646118772774712E-02     1.000000         0.000000    
        z_aa74   -7.8975638558576630E-02     1.000000         0.000000    
        z_aa75   -6.3859178162003885E-02     1.000000         0.000000    
        z_aa76   -3.6613018780866730E-02     1.000000         0.000000    
        z_aa77   -1.8156830547259500E-02     1.000000         0.000000    
        z_aa78    1.4762132852851930E-02     1.000000         0.000000    
        z_aa79   -9.2184524889432004E-03     1.000000         0.000000    
        z_aa80   -1.3249456325898169E-02     1.000000         0.000000    
        z_aa81   -4.6982854557757907E-02     1.000000         0.000000    
        z_aa82   -2.5987779269240941E-02     1.000000         0.000000    
        z_aa83   -4.7416316137843931E-02     1.000000         0.000000    
        z_aa84   -5.6181641293470037E-02     1.000000         0.000000    
        z_aa85   -4.1460666566159939E-02     1.000000         0.000000    
        z_aa86   -4.7074608441503352E-02     1.000000         0.000000    
        z_aa87    1.3725597018785550E-02     1.000000         0.000000    
        z_aa88   -2.2490441297796201E-02     1.000000         0.000000    
        z_aa89   -3.3495583908831852E-02     1.000000         0.000000    
        z_aa90    5.4437337071003913E-03     1.000000         0.000000    
        z_aa91    2.8258665987310951E-02     1.000000         0.000000    
        z_aa92   -7.0176774842026723E-02     1.000000         0.000000    
        z_aa93   -2.6526135690363981E-02     1.000000         0.000000    
        z_aa94   -3.4383820329098903E-02     1.000000         0.000000    
        z_aa95   -3.3441033962179262E-02     1.000000         0.000000    
        z_aa96   -2.6415496086151451E-02     1.000000         0.000000    
        z_aa97   -4.2274306264625063E-02     1.000000         0.000000    
        z_aa98    7.5901029794230662E-02     1.000000         0.000000    
        z_aa99    4.1657839017210834E-03     1.000000         0.000000    
       z_aa100   -5.2826554147920847E-02     1.000000         0.000000    
        sill_m     4.000000000000000         1.000000         0.000000    
       range_m     18.76464983860000        1.0000000E-02     0.000000    
          af_m     111.4450136440000        1.0000000E-02     0.000000    
          aa_m   -0.2135584485100000         1.000000         0.000000    
