  double point
           k_m     1.000000000000000         1.000000         0.000000    
         zfac1    0.6404039124159654        5.7800000E-02     0.000000    
         zfac2    0.1608910501187941        5.7800000E-02     0.000000    
         zfac3   -6.9423470088079586E-02    5.7800000E-02     0.000000    
         zfac4   -0.3404315199887197        5.7800000E-02     0.000000    
         zfac5   -0.2042679738244810        5.7800000E-02     0.000000    
         zfac6    4.7472611662214542E-03    5.7800000E-02     0.000000    
         zfac7   -0.3343723354727163        5.7800000E-02     0.000000    
         zfac8    0.2468772970138460        5.7800000E-02     0.000000    
         zfac9   -0.4628076188390831        5.7800000E-02     0.000000    
        zfac10   -0.3031530906639793        5.7800000E-02     0.000000    
        zfac11    0.5735433641724845        5.7800000E-02     0.000000    
        zfac12   -8.5049497221816622E-02    5.7800000E-02     0.000000    
        zfac13    0.1878292466961816        5.7800000E-02     0.000000    
        zfac14    0.1507244806368668        5.7800000E-02     0.000000    
        zfac15   -2.3409071615519035E-02    5.7800000E-02     0.000000    
        zfac16   -0.4135648390484775        5.7800000E-02     0.000000    
        zfac17   -0.2183927693603114        5.7800000E-02     0.000000    
        zfac18    7.3469604713842562E-02    5.7800000E-02     0.000000    
        zfac19   -1.9462292159342563E-02    5.7800000E-02     0.000000    
        zfac20   -0.1797682080568512        5.7800000E-02     0.000000    
        zfac21   -7.0863082990069201E-02    5.7800000E-02     0.000000    
        zfac22    0.2171026636218183        5.7800000E-02     0.000000    
        zfac23    0.4219566965530139        5.7800000E-02     0.000000    
        zfac24    0.1085819030091177        5.7800000E-02     0.000000    
        zfac25   -0.2766131243954499        5.7800000E-02     0.000000    
        zfac26   -0.4886423097565225        5.7800000E-02     0.000000    
        zfac27   -0.2026425294278547        5.7800000E-02     0.000000    
        zfac28    0.5265423592923097        5.7800000E-02     0.000000    
        zfac29    8.6440371820307962E-02    5.7800000E-02     0.000000    
        zfac30   -0.1364289118368512        5.7800000E-02     0.000000    
        zfac31   -7.5057494395415231E-02    5.7800000E-02     0.000000    
        zfac32    0.7311445420667994        5.7800000E-02     0.000000    
        zfac33   -0.3191746144374568        5.7800000E-02     0.000000    
        zfac34    0.1605400181529360        5.7800000E-02     0.000000    
        zfac35    0.3318968229288789        5.7800000E-02     0.000000    
        zfac36    0.2137089734335536        5.7800000E-02     0.000000    
        zfac37   -0.3933105181578201        5.7800000E-02     0.000000    
        zfac38    0.1049171100056609        5.7800000E-02     0.000000    
        zfac39   -0.3457920202503287        5.7800000E-02     0.000000    
        zfac40   -0.2901918729719724        5.7800000E-02     0.000000    
        zfac41   -0.8298514677079585        5.7800000E-02     0.000000    
        zfac42    7.7924417755621103E-02    5.7800000E-02     0.000000    
        zfac43     1.246840765231187        5.7800000E-02     0.000000    
        zfac44    0.4105194205777388        5.7800000E-02     0.000000    
        zfac45   -0.2366864490750346        5.7800000E-02     0.000000    
        zfac46    4.1521426385910033E-02    5.7800000E-02     0.000000    
        zfac47   -0.5173119313946714        5.7800000E-02     0.000000    
        zfac48   -0.1010513754898962        5.7800000E-02     0.000000    
        zfac49   -0.3359155242832353        5.7800000E-02     0.000000    
        zfac50     1.504489553311154        5.7800000E-02     0.000000    
        zfac51   -0.6857065964905883        5.7800000E-02     0.000000    
        zfac52    1.5136205085427336E-03    5.7800000E-02     0.000000    
        zfac53    0.3962174893806211        5.7800000E-02     0.000000    
        zfac54    0.1707162844222561        5.7800000E-02     0.000000    
        zfac55   -0.3291487331121799        5.7800000E-02     0.000000    
        zfac56   -0.4018876996668166        5.7800000E-02     0.000000    
        zfac57   -9.5765996244636682E-03    5.7800000E-02     0.000000    
        zfac58   -0.1999275485596713        5.7800000E-02     0.000000    
        zfac59   -4.0387331947076131E-02    5.7800000E-02     0.000000    
        zfac60    6.7004335847901386E-02    5.7800000E-02     0.000000    
        zfac61   -0.1186939199496194        5.7800000E-02     0.000000    
        zfac62   -0.2024443824685986        5.7800000E-02     0.000000    
        zfac63    3.0932837579636680E-03    5.7800000E-02     0.000000    
        zfac64   -0.2743781546902941        5.7800000E-02     0.000000    
        zfac65    0.2489612862698114        5.7800000E-02     0.000000    
        zfac66    0.8045640153582440        5.7800000E-02     0.000000    
        zfac67     1.005878279060085        5.7800000E-02     0.000000    
        zfac68   -5.7015685667474045E-02    5.7800000E-02     0.000000    
        zfac69    0.5745691821940381        5.7800000E-02     0.000000    
        zfac70   -0.1539714189662284        5.7800000E-02     0.000000    
        zfac71   -2.5897670533460208E-02    5.7800000E-02     0.000000    
        zfac72   -0.1847784313824568        5.7800000E-02     0.000000    
        zfac73    9.8028922296366783E-02    5.7800000E-02     0.000000    
        zfac74    0.1628131783066869        5.7800000E-02     0.000000    
        zfac75    0.6933302036128772        5.7800000E-02     0.000000    
        zfac76    0.2239059187100606        5.7800000E-02     0.000000    
        zfac77   -0.4152871531296367        5.7800000E-02     0.000000    
        zfac78   -0.1904779603673875        5.7800000E-02     0.000000    
        zfac79   -0.6705201359383564        5.7800000E-02     0.000000    
        zfac80   -0.6305315841942560        5.7800000E-02     0.000000    
        zfac81   -0.6253344262367647        5.7800000E-02     0.000000    
        zfac82   -0.1263003961652595        5.7800000E-02     0.000000    
        zfac83   -0.2804857927129758        5.7800000E-02     0.000000    
        zfac84   -0.1084381822096713        5.7800000E-02     0.000000    
        zfac85    0.1040791498530069        5.7800000E-02     0.000000    
        zfac86    0.7435592563557769        5.7800000E-02     0.000000    
        zfac87   -0.3159501658800866        5.7800000E-02     0.000000    
        zfac88   -0.8002705725858306        5.7800000E-02     0.000000    
        zfac89   -0.6406916174034429        5.7800000E-02     0.000000    
        zfac90   -1.9772336937422145E-02    5.7800000E-02     0.000000    
        zfac91   -0.1210005502417820        5.7800000E-02     0.000000    
        zfac92   -4.5587561761055363E-02    5.7800000E-02     0.000000    
        zfac93    0.2220385353018893        5.7800000E-02     0.000000    
        zfac94    0.4242283144618859        5.7800000E-02     0.000000    
        zfac95    0.2631021193268962        5.7800000E-02     0.000000    
        zfac96    2.8113490989965400E-03    5.7800000E-02     0.000000    
        zfac97    0.3906600721376367        5.7800000E-02     0.000000    
        zfac98   -0.1872711828527336        5.7800000E-02     0.000000    
        zfac99   -0.5069427527207786        5.7800000E-02     0.000000    
       zfac100    2.8620700509100348E-02    5.7800000E-02     0.000000    
       zfac101    0.4537535373462284        5.7800000E-02     0.000000    
       zfac102   -0.3086464195543079        5.7800000E-02     0.000000    
       zfac103   -0.2470957303382699        5.7800000E-02     0.000000    
       zfac104    3.9601229188911763E-02    5.7800000E-02     0.000000    
       zfac105    0.1796099207180329        5.7800000E-02     0.000000    
       zfac106   -0.2119369276732699        5.7800000E-02     0.000000    
       zfac107   -0.3049952323332353        5.7800000E-02     0.000000    
       zfac108   -0.1572860611679412        5.7800000E-02     0.000000    
       zfac109   -1.1336961939584776E-02    5.7800000E-02     0.000000    
       zfac110   -1.6164572674204153E-02    5.7800000E-02     0.000000    
       zfac111    2.4354913551524224E-02    5.7800000E-02     0.000000    
       zfac112    6.2370027353479240E-02    5.7800000E-02     0.000000    
       zfac113    0.6096596580881575        5.7800000E-02     0.000000    
       zfac114   -0.1858035422615052        5.7800000E-02     0.000000    
       zfac115   -0.1538381916038408        5.7800000E-02     0.000000    
       zfac116    0.4725672023760156        5.7800000E-02     0.000000    
       zfac117   -0.1377078591703979        5.7800000E-02     0.000000    
       zfac118   -0.1036801302557613        5.7800000E-02     0.000000    
       zfac119   -0.1260338236177336        5.7800000E-02     0.000000    
       zfac120    9.6824771209892746E-02    5.7800000E-02     0.000000    
       zfac121   -0.2129722660025087        5.7800000E-02     0.000000    
       zfac122   -0.2162674635853114        5.7800000E-02     0.000000    
       zfac123   -0.1565753645120069        5.7800000E-02     0.000000    
       zfac124    0.2488348918128408        5.7800000E-02     0.000000    
       zfac125   -5.9062204318304501E-02    5.7800000E-02     0.000000    
       zfac126   -0.2912290808360208        5.7800000E-02     0.000000    
       zfac127    2.5886313052596886E-02    5.7800000E-02     0.000000    
       zfac128   -7.5347445142110739E-02    5.7800000E-02     0.000000    
       zfac129    0.4427558856031557        5.7800000E-02     0.000000    
       zfac130    0.3637779720451402        5.7800000E-02     0.000000    
       zfac131   -4.6117365237612458E-02    5.7800000E-02     0.000000    
       zfac132    8.0833501479020770E-02    5.7800000E-02     0.000000    
       zfac133   -8.6951734075605538E-02    5.7800000E-02     0.000000    
       zfac134    0.6539641040733946        5.7800000E-02     0.000000    
       zfac135   -0.2092074421338235        5.7800000E-02     0.000000    
       zfac136   -0.1882785937914706        5.7800000E-02     0.000000    
       zfac137   -0.4452058028861765        5.7800000E-02     0.000000    
       zfac138   -0.1910792837963322        5.7800000E-02     0.000000    
       zfac139   -0.4365910828736506        5.7800000E-02     0.000000    
       zfac140   -0.3248167021789792        5.7800000E-02     0.000000    
       zfac141   -0.2713678773210554        5.7800000E-02     0.000000    
       zfac142    0.3917670699200900        5.7800000E-02     0.000000    
       zfac143   -0.2648613927404326        5.7800000E-02     0.000000    
       zfac144   -0.4380315847949136        5.7800000E-02     0.000000    
       zfac145    0.3225126644688807        5.7800000E-02     0.000000    
       zfac146   -0.2893368711151903        5.7800000E-02     0.000000    
       zfac147   -0.9883293107340485        5.7800000E-02     0.000000    
       zfac148   -3.6785788431608998E-02    5.7800000E-02     0.000000    
       zfac149   -0.4356597554082007        5.7800000E-02     0.000000    
       zfac150   -0.1080376075743945        5.7800000E-02     0.000000    
       zfac151    0.5924128924176956        5.7800000E-02     0.000000    
       zfac152   -3.1291149085276818E-02    5.7800000E-02     0.000000    
       zfac153    0.4788664551927734        5.7800000E-02     0.000000    
       zfac154   -0.2650506374852422        5.7800000E-02     0.000000    
       zfac155   -0.4976526403432180        5.7800000E-02     0.000000    
       zfac156    9.6259101567634953E-02    5.7800000E-02     0.000000    
       zfac157   -0.1230365664280969        5.7800000E-02     0.000000    
       zfac158   -9.4909298199584782E-02    5.7800000E-02     0.000000    
       zfac159   -0.2290124205382699        5.7800000E-02     0.000000    
       zfac160    0.8439810068723755        5.7800000E-02     0.000000    
       zfac161   -2.0323519990363321E-02    5.7800000E-02     0.000000    
       zfac162   -0.3213855280142561        5.7800000E-02     0.000000    
       zfac163    0.1361850055575588        5.7800000E-02     0.000000    
       zfac164    0.1469241981965277        5.7800000E-02     0.000000    
       zfac165    0.2768815618413011        5.7800000E-02     0.000000    
       zfac166   -0.3475225523410208        5.7800000E-02     0.000000    
       zfac167    0.4006823815889914        5.7800000E-02     0.000000    
       zfac168   -0.2022353600119031        5.7800000E-02     0.000000    
       zfac169    4.9024960971145330E-02    5.7800000E-02     0.000000    
       zfac170   -0.3775428491831834        5.7800000E-02     0.000000    
       zfac171    0.1261953943353564        5.7800000E-02     0.000000    
       zfac172   -0.2794063824438581        5.7800000E-02     0.000000    
       zfac173   -0.3367715304915052        5.7800000E-02     0.000000    
       zfac174   -0.2160790287370415        5.7800000E-02     0.000000    
       zfac175    0.3824687964315364        5.7800000E-02     0.000000    
       zfac176   -0.3324768216959862        5.7800000E-02     0.000000    
       zfac177    9.6890414113750864E-02    5.7800000E-02     0.000000    
       zfac178    0.5120221281703132        5.7800000E-02     0.000000    
       zfac179   -7.5298806562629763E-03    5.7800000E-02     0.000000    
       zfac180   -0.2406962760733218        5.7800000E-02     0.000000    
       zfac181   -5.7489243060207612E-02    5.7800000E-02     0.000000    
       zfac182   -0.5116450275951384        5.7800000E-02     0.000000    
       zfac183   -0.5730171162410553        5.7800000E-02     0.000000    
       zfac184    0.4219598919933131        5.7800000E-02     0.000000    
       zfac185    9.7827726149017302E-02    5.7800000E-02     0.000000    
       zfac186    2.6329859022228376E-02    5.7800000E-02     0.000000    
       zfac187    0.5505564591983686        5.7800000E-02     0.000000    
       zfac188   -0.1323130472789273        5.7800000E-02     0.000000    
       zfac189   -0.1756776813363322        5.7800000E-02     0.000000    
       zfac190    0.1248734080332336        5.7800000E-02     0.000000    
       zfac191   -0.2281006292935467        5.7800000E-02     0.000000    
       zfac192   -2.6338522056799308E-02    5.7800000E-02     0.000000    
       zfac193   -8.1270311030657447E-02    5.7800000E-02     0.000000    
       zfac194     1.179228032408670        5.7800000E-02     0.000000    
       zfac195    7.0956920675119384E-02    5.7800000E-02     0.000000    
       zfac196   -0.6007920374870416        5.7800000E-02     0.000000    
       zfac197   -0.4994758200562803        5.7800000E-02     0.000000    
       zfac198   -0.5431309103250173        5.7800000E-02     0.000000    
       zfac199   -0.4625421596285640        5.7800000E-02     0.000000    
       zfac200    6.5311706018794116E-02    5.7800000E-02     0.000000    
       zfac201    1.9016521651581318E-02    5.7800000E-02     0.000000    
       zfac202   -0.5169119209519204        5.7800000E-02     0.000000    
       zfac203    0.6212389343652007        5.7800000E-02     0.000000    
       zfac204    0.2421165576954152        5.7800000E-02     0.000000    
       zfac205   -0.3252107094008305        5.7800000E-02     0.000000    
       zfac206    2.7751537578669553E-02    5.7800000E-02     0.000000    
       zfac207    4.7604922043141873E-02    5.7800000E-02     0.000000    
       zfac208   -0.2286573165355882        5.7800000E-02     0.000000    
       zfac209   -0.3132558916355190        5.7800000E-02     0.000000    
       zfac210    0.4428710798077058        5.7800000E-02     0.000000    
       zfac211    0.5813225383577734        5.7800000E-02     0.000000    
       zfac212   -0.2555170577029412        5.7800000E-02     0.000000    
       zfac213   -0.2746158988696712        5.7800000E-02     0.000000    
       zfac214   -0.3963300369534602        5.7800000E-02     0.000000    
       zfac215    0.4825193471440104        5.7800000E-02     0.000000    
       zfac216   -0.3872491801402422        5.7800000E-02     0.000000    
       zfac217    4.1534539185711081E-02    5.7800000E-02     0.000000    
       zfac218    5.8122009409832184E-02    5.7800000E-02     0.000000    
       zfac219   -0.6099629912883564        5.7800000E-02     0.000000    
       zfac220    0.5136555727255346        5.7800000E-02     0.000000    
       zfac221   -8.5510956440069202E-02    5.7800000E-02     0.000000    
       zfac222   -0.7173099572510382        5.7800000E-02     0.000000    
       zfac223    0.3797133844425692        5.7800000E-02     0.000000    
       zfac224    0.1669557751593685        5.7800000E-02     0.000000    
       zfac225   -0.5580184017326989        5.7800000E-02     0.000000    
       zfac226   -1.3756551494273357E-02    5.7800000E-02     0.000000    
       zfac227    0.3841559514793754        5.7800000E-02     0.000000    
       zfac228     1.017789736802841        5.7800000E-02     0.000000    
       zfac229    7.5317985548906577E-02    5.7800000E-02     0.000000    
       zfac230   -5.7626725958564017E-02    5.7800000E-02     0.000000    
       zfac231    0.4364815225891990        5.7800000E-02     0.000000    
       zfac232   -0.2916212833526298        5.7800000E-02     0.000000    
       zfac233   -0.4449828856397751        5.7800000E-02     0.000000    
       zfac234    0.1893234463682734        5.7800000E-02     0.000000    
       zfac235    0.1864926855509066        5.7800000E-02     0.000000    
       zfac236    0.2642813532387768        5.7800000E-02     0.000000    
       zfac237   -0.1274914821402076        5.7800000E-02     0.000000    
       zfac238   -0.4158776621120588        5.7800000E-02     0.000000    
       zfac239    0.5613163746545502        5.7800000E-02     0.000000    
       zfac240    0.5264626462365174        5.7800000E-02     0.000000    
       zfac241    0.9248971551304949        5.7800000E-02     0.000000    
       zfac242   -0.2041141251484429        5.7800000E-02     0.000000    
       zfac243   -0.1915843303542042        5.7800000E-02     0.000000    
       zfac244    0.3669903007664585        5.7800000E-02     0.000000    
       zfac245   -0.3160521430771973        5.7800000E-02     0.000000    
       zfac246   -7.0520621898823521E-02    5.7800000E-02     0.000000    
       zfac247    0.1275420086259429        5.7800000E-02     0.000000    
       zfac248   -0.3348388099152941        5.7800000E-02     0.000000    
       zfac249    0.1013119171356574        5.7800000E-02     0.000000    
       zfac250   -0.1159902306727855        5.7800000E-02     0.000000    
       zfac251   -0.1903467467553633        5.7800000E-02     0.000000    
       zfac252    0.9337421111330606        5.7800000E-02     0.000000    
       zfac253    0.7771363118438548        5.7800000E-02     0.000000    
       zfac254    0.2991739530468858        5.7800000E-02     0.000000    
       zfac255   -1.9236705832439447E-02    5.7800000E-02     0.000000    
       zfac256   -4.9896570058131483E-04    5.7800000E-02     0.000000    
       zfac257   -0.1023896437535467        5.7800000E-02     0.000000    
       zfac258    0.1248249857795657        5.7800000E-02     0.000000    
       zfac259    0.3632951337459914        5.7800000E-02     0.000000    
       zfac260    0.3802660989086574        5.7800000E-02     0.000000    
       zfac261   -0.1947603566434083        5.7800000E-02     0.000000    
       zfac262   -5.4616082426072673E-02    5.7800000E-02     0.000000    
       zfac263   -0.2975457365067647        5.7800000E-02     0.000000    
       zfac264   -0.3003810397891523        5.7800000E-02     0.000000    
       zfac265    0.4677714925756800        5.7800000E-02     0.000000    
       zfac266    0.5184484672777077        5.7800000E-02     0.000000    
       zfac267   -0.1178316956559170        5.7800000E-02     0.000000    
       zfac268   -3.9677934260432528E-02    5.7800000E-02     0.000000    
       zfac269   -0.2828847182032526        5.7800000E-02     0.000000    
       zfac270   -0.4973949244835121        5.7800000E-02     0.000000    
       zfac271    1.6294100927072664E-02    5.7800000E-02     0.000000    
       zfac272    0.2378211229007734        5.7800000E-02     0.000000    
       zfac273    0.1449186966028322        5.7800000E-02     0.000000    
       zfac274    1.4382081990463669E-02    5.7800000E-02     0.000000    
       zfac275   -0.2817549520969031        5.7800000E-02     0.000000    
       zfac276    0.2401307503060035        5.7800000E-02     0.000000    
       zfac277   -0.1465014971457440        5.7800000E-02     0.000000    
       zfac278   -0.1139697517118858        5.7800000E-02     0.000000    
       zfac279    0.2453682380848201        5.7800000E-02     0.000000    
       zfac280    0.4477154518505225        5.7800000E-02     0.000000    
       zfac281   -0.3329193404330969        5.7800000E-02     0.000000    
       zfac282    0.6330061535450155        5.7800000E-02     0.000000    
       zfac283   -4.2473609598823528E-02    5.7800000E-02     0.000000    
       zfac284   -0.5764064846324740        5.7800000E-02     0.000000    
       zfac285   -0.3850913330540657        5.7800000E-02     0.000000    
       zfac286    2.0991920976328720E-02    5.7800000E-02     0.000000    
       zfac287   -0.2570821621650173        5.7800000E-02     0.000000    
       zfac288    4.6343479785176472E-02    5.7800000E-02     0.000000    
       zfac289    6.8444601861937723E-03    5.7800000E-02     0.000000    
       zfac290    0.7026534635441540        5.7800000E-02     0.000000    
       zfac291   -5.5942113336072664E-02    5.7800000E-02     0.000000    
       zfac292   -0.5585356228189100        5.7800000E-02     0.000000    
       zfac293   -0.3770508082105883        5.7800000E-02     0.000000    
       zfac294   -0.2473283641497924        5.7800000E-02     0.000000    
       zfac295    0.2918984069467596        5.7800000E-02     0.000000    
       zfac296   -0.3720539670210381        5.7800000E-02     0.000000    
       zfac297    0.1362795492408495        5.7800000E-02     0.000000    
       zfac298   -0.1219137626318858        5.7800000E-02     0.000000    
       zfac299   -0.3419271181452249        5.7800000E-02     0.000000    
       zfac300   -0.1144501529143772        5.7800000E-02     0.000000    
         z_aa1   -1.4429163561560579E-02     1.000000         0.000000    
         z_aa2   -0.5438597231808325         1.000000         0.000000    
         z_aa3    4.3171740019014769E-02     1.000000         0.000000    
         z_aa4    3.2725396658713067E-02     1.000000         0.000000    
         z_aa5    0.1085527798437252         1.000000         0.000000    
         z_aa6   -2.3007894492584280E-02     1.000000         0.000000    
         z_aa7    0.1395575524177101         1.000000         0.000000    
         z_aa8   -0.2510157414552222         1.000000         0.000000    
         z_aa9    1.7110863419929678E-02     1.000000         0.000000    
        z_aa10    0.2595244127649324         1.000000         0.000000    
        z_aa11    0.1361477380097297         1.000000         0.000000    
        z_aa12    2.8691684372669130E-02     1.000000         0.000000    
        z_aa13    0.2301678912275438         1.000000         0.000000    
        z_aa14    0.2784126867013419         1.000000         0.000000    
        z_aa15    2.0133518782997240E-02     1.000000         0.000000    
        z_aa16    1.9841217113634430E-02     1.000000         0.000000    
        z_aa17   -0.6225061472876758         1.000000         0.000000    
        z_aa18    9.7575011430373726E-02     1.000000         0.000000    
        z_aa19   -7.1961951531724522E-02     1.000000         0.000000    
        z_aa20    0.1453983392163941         1.000000         0.000000    
        z_aa21    5.1048201555282960E-02     1.000000         0.000000    
        z_aa22    0.2143531432807139         1.000000         0.000000    
        z_aa23   -3.9866859781363839E-02     1.000000         0.000000    
        z_aa24    6.6751080532257978E-02     1.000000         0.000000    
        z_aa25    5.9400381067218108E-02     1.000000         0.000000    
        z_aa26    9.0065000110022234E-02     1.000000         0.000000    
        z_aa27    0.1054322608816848         1.000000         0.000000    
        z_aa28    0.4363867116012708         1.000000         0.000000    
        z_aa29    0.2410469589915055         1.000000         0.000000    
        z_aa30    0.2373216223900501         1.000000         0.000000    
        z_aa31   -0.5713437452396519         1.000000         0.000000    
        z_aa32    0.1007245655980155         1.000000         0.000000    
        z_aa33    0.1660853328888208         1.000000         0.000000    
        z_aa34    1.2399652956712600E-02     1.000000         0.000000    
        z_aa35   -2.7313640622134022E-02     1.000000         0.000000    
        z_aa36    3.0491780877560420E-02     1.000000         0.000000    
        z_aa37    1.0867511694612170E-02     1.000000         0.000000    
        z_aa38   -9.7207667033592168E-02     1.000000         0.000000    
        z_aa39    0.2418353558374366         1.000000         0.000000    
        z_aa40    7.5211632927313171E-02     1.000000         0.000000    
        z_aa41    8.3091246689355608E-02     1.000000         0.000000    
        z_aa42    8.5090283624937035E-02     1.000000         0.000000    
        z_aa43    4.1670898622654419E-02     1.000000         0.000000    
        z_aa44   -0.2445874160192879         1.000000         0.000000    
        z_aa45   -3.8566136799036872E-02     1.000000         0.000000    
        z_aa46    0.1289052640559395         1.000000         0.000000    
        z_aa47   -3.5379126410270523E-02     1.000000         0.000000    
        z_aa48    0.1699876751143604         1.000000         0.000000    
        z_aa49    0.1069989190223130         1.000000         0.000000    
        z_aa50    0.1327684708685909         1.000000         0.000000    
        z_aa51   -2.7125094879070520E-02     1.000000         0.000000    
        z_aa52    3.2697973685646718E-02     1.000000         0.000000    
        z_aa53    0.4062483648966013         1.000000         0.000000    
        z_aa54    6.7611774833553545E-02     1.000000         0.000000    
        z_aa55   -0.1538391691394121         1.000000         0.000000    
        z_aa56   -0.1096966839690805         1.000000         0.000000    
        z_aa57    0.1153778281977074         1.000000         0.000000    
        z_aa58   -5.0484210225751058E-03     1.000000         0.000000    
        z_aa59    0.1317568066728869         1.000000         0.000000    
        z_aa60    0.2554600932388418         1.000000         0.000000    
        z_aa61   -8.7742956149813311E-02     1.000000         0.000000    
        z_aa62    1.2623858011983530E-02     1.000000         0.000000    
        z_aa63   -1.6118649108542490E-02     1.000000         0.000000    
        z_aa64   -0.3151025194111682         1.000000         0.000000    
        z_aa65   -0.1450156427896302         1.000000         0.000000    
        z_aa66   -3.1367000699933208E-02     1.000000         0.000000    
        z_aa67   -0.6736644954322674         1.000000         0.000000    
        z_aa68    0.2407849838651597         1.000000         0.000000    
        z_aa69    7.2602920314675676E-02     1.000000         0.000000    
        z_aa70    0.3098840394615176         1.000000         0.000000    
        z_aa71   -5.0823277525584298E-02     1.000000         0.000000    
        z_aa72   -0.1055623547258438         1.000000         0.000000    
        z_aa73   -0.3137832544725769         1.000000         0.000000    
        z_aa74   -0.8070442485448366         1.000000         0.000000    
        z_aa75    5.9246173947364353E-02     1.000000         0.000000    
        z_aa76   -0.1869612287706607         1.000000         0.000000    
        z_aa77   -0.1815956075611012         1.000000         0.000000    
        z_aa78    0.2370937008627142         1.000000         0.000000    
        z_aa79    0.2046786095511225         1.000000         0.000000    
        z_aa80    0.3546311178555824         1.000000         0.000000    
        z_aa81   -0.1560727927307488         1.000000         0.000000    
        z_aa82   -0.2507397772679778         1.000000         0.000000    
        z_aa83   -4.1302083868442058E-03     1.000000         0.000000    
        z_aa84   -0.1601010844394527         1.000000         0.000000    
        z_aa85    4.8204664586716522E-04     1.000000         0.000000    
        z_aa86   -8.7563380284356368E-02     1.000000         0.000000    
        z_aa87    5.2895375302486433E-02     1.000000         0.000000    
        z_aa88    0.1305047812307230         1.000000         0.000000    
        z_aa89    0.1960648935817760         1.000000         0.000000    
        z_aa90    0.4158376018024443         1.000000         0.000000    
        z_aa91    0.1872617206138223         1.000000         0.000000    
        z_aa92    4.9778509561613532E-02     1.000000         0.000000    
        z_aa93   -6.6799856060356030E-02     1.000000         0.000000    
        z_aa94   -3.0960209822131369E-02     1.000000         0.000000    
        z_aa95   -0.3032805061909413         1.000000         0.000000    
        z_aa96    8.5743547164803563E-02     1.000000         0.000000    
        z_aa97    0.2766886369136899         1.000000         0.000000    
        z_aa98    0.2617569147936999         1.000000         0.000000    
        z_aa99    0.1511389996363580         1.000000         0.000000    
       z_aa100    0.4001251206779342         1.000000         0.000000    
        sill_m     4.000000000000000         1.000000         0.000000    
       range_m     18.35477166910000        1.0000000E-02     0.000000    
          af_m     111.0027658940000        1.0000000E-02     0.000000    
          aa_m   -0.1753094766700000         1.000000         0.000000    
