  double point
           k_m     1.000000000000000         1.000000         0.000000    
         zfac1    0.6466612382070034        5.7800000E-02     0.000000    
         zfac2    0.1405504283101177        5.7800000E-02     0.000000    
         zfac3   -0.1567554581330104        5.7800000E-02     0.000000    
         zfac4   -0.3461396646302595        5.7800000E-02     0.000000    
         zfac5   -0.2400837268449654        5.7800000E-02     0.000000    
         zfac6   -3.8753553168858134E-04    5.7800000E-02     0.000000    
         zfac7   -0.3609815543464879        5.7800000E-02     0.000000    
         zfac8    0.2730769714267439        5.7800000E-02     0.000000    
         zfac9   -0.4750552894856921        5.7800000E-02     0.000000    
        zfac10   -0.3289316988050865        5.7800000E-02     0.000000    
        zfac11    0.5771735615060987        5.7800000E-02     0.000000    
        zfac12   -7.3122939925709340E-02    5.7800000E-02     0.000000    
        zfac13    0.1939318127049291        5.7800000E-02     0.000000    
        zfac14    0.1471185720742388        5.7800000E-02     0.000000    
        zfac15   -5.4716011958339104E-02    5.7800000E-02     0.000000    
        zfac16   -0.4157999410399827        5.7800000E-02     0.000000    
        zfac17   -0.2167499793404671        5.7800000E-02     0.000000    
        zfac18    0.1203575631186799        5.7800000E-02     0.000000    
        zfac19   -1.6482317952629760E-02    5.7800000E-02     0.000000    
        zfac20   -0.1849042449387370        5.7800000E-02     0.000000    
        zfac21   -0.1066760536964014        5.7800000E-02     0.000000    
        zfac22    0.1784014684111315        5.7800000E-02     0.000000    
        zfac23    0.4417765062656436        5.7800000E-02     0.000000    
        zfac24    0.1098073151266903        5.7800000E-02     0.000000    
        zfac25   -0.2764428870447059        5.7800000E-02     0.000000    
        zfac26   -0.4992033370317475        5.7800000E-02     0.000000    
        zfac27   -0.2057140479197059        5.7800000E-02     0.000000    
        zfac28    0.5239902910978615        5.7800000E-02     0.000000    
        zfac29    9.3975878960166098E-02    5.7800000E-02     0.000000    
        zfac30   -0.1126228803169723        5.7800000E-02     0.000000    
        zfac31   -5.9704288473702424E-03    5.7800000E-02     0.000000    
        zfac32    0.7246706830981228        5.7800000E-02     0.000000    
        zfac33   -0.3345309986686851        5.7800000E-02     0.000000    
        zfac34    0.1212053149271817        5.7800000E-02     0.000000    
        zfac35    0.3205857735840398        5.7800000E-02     0.000000    
        zfac36    0.1961573028600173        5.7800000E-02     0.000000    
        zfac37   -0.3938664592991004        5.7800000E-02     0.000000    
        zfac38    0.2218394794563685        5.7800000E-02     0.000000    
        zfac39   -0.3365793490482353        5.7800000E-02     0.000000    
        zfac40   -0.2971165964545156        5.7800000E-02     0.000000    
        zfac41   -0.8363622392217301        5.7800000E-02     0.000000    
        zfac42    3.3380127287946371E-02    5.7800000E-02     0.000000    
        zfac43     1.252033723226247        5.7800000E-02     0.000000    
        zfac44    0.4186075517699827        5.7800000E-02     0.000000    
        zfac45   -0.2491060030330969        5.7800000E-02     0.000000    
        zfac46   -3.6217572948096886E-03    5.7800000E-02     0.000000    
        zfac47   -0.5161994191893772        5.7800000E-02     0.000000    
        zfac48   -8.0599951595657443E-02    5.7800000E-02     0.000000    
        zfac49   -0.3543919323938063        5.7800000E-02     0.000000    
        zfac50     1.517111807142510        5.7800000E-02     0.000000    
        zfac51   -0.6829497883327164        5.7800000E-02     0.000000    
        zfac52   -3.9506593796193772E-03    5.7800000E-02     0.000000    
        zfac53    0.3932327853794637        5.7800000E-02     0.000000    
        zfac54    0.1212200738255381        5.7800000E-02     0.000000    
        zfac55   -0.3322016183925952        5.7800000E-02     0.000000    
        zfac56   -0.4088937640228720        5.7800000E-02     0.000000    
        zfac57    2.4517231206925606E-02    5.7800000E-02     0.000000    
        zfac58   -0.1731427380551384        5.7800000E-02     0.000000    
        zfac59   -8.1832991970726646E-02    5.7800000E-02     0.000000    
        zfac60    7.5039392209346023E-02    5.7800000E-02     0.000000    
        zfac61   -0.1648334078891349        5.7800000E-02     0.000000    
        zfac62   -0.2232274576927336        5.7800000E-02     0.000000    
        zfac63    3.7684982032029413E-02    5.7800000E-02     0.000000    
        zfac64   -0.2730519998130277        5.7800000E-02     0.000000    
        zfac65    0.2560773746085122        5.7800000E-02     0.000000    
        zfac66    0.8153834506069810        5.7800000E-02     0.000000    
        zfac67     1.009056012454632        5.7800000E-02     0.000000    
        zfac68   -5.5813775775951556E-02    5.7800000E-02     0.000000    
        zfac69    0.5777277481819603        5.7800000E-02     0.000000    
        zfac70   -0.1243895590436678        5.7800000E-02     0.000000    
        zfac71    3.6386344064891003E-02    5.7800000E-02     0.000000    
        zfac72   -0.1954244534912111        5.7800000E-02     0.000000    
        zfac73    0.1202170193869516        5.7800000E-02     0.000000    
        zfac74    0.1565041775510191        5.7800000E-02     0.000000    
        zfac75    0.7000601484769187        5.7800000E-02     0.000000    
        zfac76    0.2236856762886073        5.7800000E-02     0.000000    
        zfac77   -0.4160256886056056        5.7800000E-02     0.000000    
        zfac78   -0.2069096630625433        5.7800000E-02     0.000000    
        zfac79   -0.6897201465124222        5.7800000E-02     0.000000    
        zfac80   -0.6175449079649482        5.7800000E-02     0.000000    
        zfac81   -0.6268187970582353        5.7800000E-02     0.000000    
        zfac82   -0.1527486036664360        5.7800000E-02     0.000000    
        zfac83   -0.2589660298772665        5.7800000E-02     0.000000    
        zfac84   -0.1118925293204152        5.7800000E-02     0.000000    
        zfac85    0.1054465759392232        5.7800000E-02     0.000000    
        zfac86    0.7598013479514637        5.7800000E-02     0.000000    
        zfac87   -0.3347854744447405        5.7800000E-02     0.000000    
        zfac88   -0.7983865593907613        5.7800000E-02     0.000000    
        zfac89   -0.6454603506742215        5.7800000E-02     0.000000    
        zfac90   -1.3915090963044984E-02    5.7800000E-02     0.000000    
        zfac91   -0.1265679788507439        5.7800000E-02     0.000000    
        zfac92   -0.1257661359169377        5.7800000E-02     0.000000    
        zfac93    0.2514083635173235        5.7800000E-02     0.000000    
        zfac94    0.4379480707782145        5.7800000E-02     0.000000    
        zfac95    0.2557387453620225        5.7800000E-02     0.000000    
        zfac96    6.9345419197629765E-03    5.7800000E-02     0.000000    
        zfac97    0.4050192175636973        5.7800000E-02     0.000000    
        zfac98   -0.1836195239606055        5.7800000E-02     0.000000    
        zfac99   -0.5220562710595502        5.7800000E-02     0.000000    
       zfac100    8.9012189967911770E-02    5.7800000E-02     0.000000    
       zfac101    0.4301334991431298        5.7800000E-02     0.000000    
       zfac102   -0.3179665521096886        5.7800000E-02     0.000000    
       zfac103   -0.2485768967567128        5.7800000E-02     0.000000    
       zfac104    1.6774124511908305E-02    5.7800000E-02     0.000000    
       zfac105    0.1807731959679014        5.7800000E-02     0.000000    
       zfac106   -0.1999378133221626        5.7800000E-02     0.000000    
       zfac107   -0.3204423489270242        5.7800000E-02     0.000000    
       zfac108   -0.1189345325394118        5.7800000E-02     0.000000    
       zfac109    9.8121389447768173E-03    5.7800000E-02     0.000000    
       zfac110   -2.8476053435986162E-03    5.7800000E-02     0.000000    
       zfac111    7.6989429703200694E-03    5.7800000E-02     0.000000    
       zfac112    0.1199083841740052        5.7800000E-02     0.000000    
       zfac113    0.6234155642382734        5.7800000E-02     0.000000    
       zfac114   -0.1116713040039273        5.7800000E-02     0.000000    
       zfac115   -0.1790307743707266        5.7800000E-02     0.000000    
       zfac116    0.4712654221428080        5.7800000E-02     0.000000    
       zfac117   -0.1354290590240830        5.7800000E-02     0.000000    
       zfac118   -9.8282863867128020E-02    5.7800000E-02     0.000000    
       zfac119   -0.1250227994460727        5.7800000E-02     0.000000    
       zfac120    7.4121003747901384E-02    5.7800000E-02     0.000000    
       zfac121   -0.2178354546570415        5.7800000E-02     0.000000    
       zfac122   -0.1912137787906920        5.7800000E-02     0.000000    
       zfac123   -0.1378278202450865        5.7800000E-02     0.000000    
       zfac124    0.2316893310807630        5.7800000E-02     0.000000    
       zfac125   -6.4913433084844291E-02    5.7800000E-02     0.000000    
       zfac126   -0.2529004376332353        5.7800000E-02     0.000000    
       zfac127    2.0931228366038064E-02    5.7800000E-02     0.000000    
       zfac128   -8.1434010637785478E-02    5.7800000E-02     0.000000    
       zfac129    0.4456750463299688        5.7800000E-02     0.000000    
       zfac130    0.3803348022207647        5.7800000E-02     0.000000    
       zfac131   -3.7937321519204155E-02    5.7800000E-02     0.000000    
       zfac132    0.1045459795871176        5.7800000E-02     0.000000    
       zfac133   -8.2137204107197229E-02    5.7800000E-02     0.000000    
       zfac134    0.6702698575303668        5.7800000E-02     0.000000    
       zfac135   -0.2159713551879931        5.7800000E-02     0.000000    
       zfac136   -0.1862019691157785        5.7800000E-02     0.000000    
       zfac137   -0.4538684254521107        5.7800000E-02     0.000000    
       zfac138   -0.1394268350779931        5.7800000E-02     0.000000    
       zfac139   -0.4391743880629239        5.7800000E-02     0.000000    
       zfac140   -0.3238925100664014        5.7800000E-02     0.000000    
       zfac141   -0.2845397241502768        5.7800000E-02     0.000000    
       zfac142    0.4025724466261540        5.7800000E-02     0.000000    
       zfac143   -0.2723450628404326        5.7800000E-02     0.000000    
       zfac144   -0.4417449176761073        5.7800000E-02     0.000000    
       zfac145    0.3272652386106177        5.7800000E-02     0.000000    
       zfac146   -0.2995518345775260        5.7800000E-02     0.000000    
       zfac147   -0.9994362798711938        5.7800000E-02     0.000000    
       zfac148   -3.4656338516989620E-02    5.7800000E-02     0.000000    
       zfac149   -0.4609217744044637        5.7800000E-02     0.000000    
       zfac150   -9.6437420473961935E-02    5.7800000E-02     0.000000    
       zfac151    0.6421687073526955        5.7800000E-02     0.000000    
       zfac152   -2.4214332792422147E-02    5.7800000E-02     0.000000    
       zfac153    0.4782448225246090        5.7800000E-02     0.000000    
       zfac154   -0.2844049250208132        5.7800000E-02     0.000000    
       zfac155   -0.5064142288958304        5.7800000E-02     0.000000    
       zfac156    0.1178619800378893        5.7800000E-02     0.000000    
       zfac157   -0.1210407824949135        5.7800000E-02     0.000000    
       zfac158   -8.3977185378754329E-02    5.7800000E-02     0.000000    
       zfac159   -0.2372439775868166        5.7800000E-02     0.000000    
       zfac160    0.8485986730205259        5.7800000E-02     0.000000    
       zfac161   -9.3500355130622850E-03    5.7800000E-02     0.000000    
       zfac162   -0.2843443210347232        5.7800000E-02     0.000000    
       zfac163    0.1616970608261626        5.7800000E-02     0.000000    
       zfac164    0.1613480125124239        5.7800000E-02     0.000000    
       zfac165    0.2751559507542612        5.7800000E-02     0.000000    
       zfac166   -0.3471615331312284        5.7800000E-02     0.000000    
       zfac167    0.4147509949568166        5.7800000E-02     0.000000    
       zfac168   -0.1985366370189793        5.7800000E-02     0.000000    
       zfac169    4.1484125005522496E-02    5.7800000E-02     0.000000    
       zfac170   -0.3625653551118685        5.7800000E-02     0.000000    
       zfac171    0.1282905596034291        5.7800000E-02     0.000000    
       zfac172   -0.3086500138589274        5.7800000E-02     0.000000    
       zfac173   -0.3274661326681142        5.7800000E-02     0.000000    
       zfac174   -0.2180453101998616        5.7800000E-02     0.000000    
       zfac175    0.2830180005762353        5.7800000E-02     0.000000    
       zfac176   -0.3599621963072145        5.7800000E-02     0.000000    
       zfac177    0.1021909617406626        5.7800000E-02     0.000000    
       zfac178    0.5278942304433444        5.7800000E-02     0.000000    
       zfac179   -3.9504834126522496E-02    5.7800000E-02     0.000000    
       zfac180   -0.2728459656768685        5.7800000E-02     0.000000    
       zfac181   -5.9700884957093426E-03    5.7800000E-02     0.000000    
       zfac182   -0.5240687082286505        5.7800000E-02     0.000000    
       zfac183   -0.5924567061087890        5.7800000E-02     0.000000    
       zfac184    0.4337051786634429        5.7800000E-02     0.000000    
       zfac185    0.1369852104502664        5.7800000E-02     0.000000    
       zfac186    3.9828382842986162E-02    5.7800000E-02     0.000000    
       zfac187    0.5645272605062630        5.7800000E-02     0.000000    
       zfac188   -0.1377100021464014        5.7800000E-02     0.000000    
       zfac189   -0.1923839339163668        5.7800000E-02     0.000000    
       zfac190    7.8313489830271629E-02    5.7800000E-02     0.000000    
       zfac191   -0.2401200780783910        5.7800000E-02     0.000000    
       zfac192   -3.8105295891089970E-02    5.7800000E-02     0.000000    
       zfac193   -9.6184235613685123E-02    5.7800000E-02     0.000000    
       zfac194     1.179144531747857        5.7800000E-02     0.000000    
       zfac195    6.4921830682062295E-02    5.7800000E-02     0.000000    
       zfac196   -0.6081467187490658        5.7800000E-02     0.000000    
       zfac197   -0.4999590423444464        5.7800000E-02     0.000000    
       zfac198   -0.5616604764874568        5.7800000E-02     0.000000    
       zfac199   -0.4580007908737370        5.7800000E-02     0.000000    
       zfac200    1.1885491342773356E-02    5.7800000E-02     0.000000    
       zfac201    7.4678043299546720E-02    5.7800000E-02     0.000000    
       zfac202   -0.5165021355184602        5.7800000E-02     0.000000    
       zfac203    0.6215084651506143        5.7800000E-02     0.000000    
       zfac204    0.2731118623493858        5.7800000E-02     0.000000    
       zfac205   -0.3316879080966956        5.7800000E-02     0.000000    
       zfac206    2.1664405196647061E-02    5.7800000E-02     0.000000    
       zfac207    9.1741151582103816E-02    5.7800000E-02     0.000000    
       zfac208   -0.2363933404373530        5.7800000E-02     0.000000    
       zfac209   -0.2971652346268858        5.7800000E-02     0.000000    
       zfac210    0.4714201998812371        5.7800000E-02     0.000000    
       zfac211    0.6018559774737146        5.7800000E-02     0.000000    
       zfac212   -0.2589179983400865        5.7800000E-02     0.000000    
       zfac213   -0.2824174411352942        5.7800000E-02     0.000000    
       zfac214   -0.3891611775343772        5.7800000E-02     0.000000    
       zfac215    0.4864058517314602        5.7800000E-02     0.000000    
       zfac216   -0.3925234827898789        5.7800000E-02     0.000000    
       zfac217    2.9621694711477509E-02    5.7800000E-02     0.000000    
       zfac218    7.0158167561882354E-02    5.7800000E-02     0.000000    
       zfac219   -0.6076747060745502        5.7800000E-02     0.000000    
       zfac220    0.5275114823872803        5.7800000E-02     0.000000    
       zfac221   -5.2516870367422142E-02    5.7800000E-02     0.000000    
       zfac222   -0.7136055355646194        5.7800000E-02     0.000000    
       zfac223    0.4025394404504360        5.7800000E-02     0.000000    
       zfac224    0.1161882853616868        5.7800000E-02     0.000000    
       zfac225   -0.5654445056185641        5.7800000E-02     0.000000    
       zfac226    3.3645076257593429E-02    5.7800000E-02     0.000000    
       zfac227    0.3917520218679014        5.7800000E-02     0.000000    
       zfac228     1.020946177830279        5.7800000E-02     0.000000    
       zfac229   -1.1587489564861593E-02    5.7800000E-02     0.000000    
       zfac230   -6.7674991907301044E-02    5.7800000E-02     0.000000    
       zfac231    0.4382679855751765        5.7800000E-02     0.000000    
       zfac232   -0.2898879304648443        5.7800000E-02     0.000000    
       zfac233   -0.4735873468124914        5.7800000E-02     0.000000    
       zfac234    0.1176467742235796        5.7800000E-02     0.000000    
       zfac235    0.1609220544923599        5.7800000E-02     0.000000    
       zfac236    0.2547215558773858        5.7800000E-02     0.000000    
       zfac237   -0.1096070268723530        5.7800000E-02     0.000000    
       zfac238   -0.3938367224006402        5.7800000E-02     0.000000    
       zfac239    0.5597096041795397        5.7800000E-02     0.000000    
       zfac240    0.5371871624520849        5.7800000E-02     0.000000    
       zfac241    0.9291516217540710        5.7800000E-02     0.000000    
       zfac242   -0.2276411272790484        5.7800000E-02     0.000000    
       zfac243   -0.1636223236116955        5.7800000E-02     0.000000    
       zfac244    0.3852939517710727        5.7800000E-02     0.000000    
       zfac245   -0.3147338612127509        5.7800000E-02     0.000000    
       zfac246   -5.0035078054377166E-02    5.7800000E-02     0.000000    
       zfac247    0.1756971132304741        5.7800000E-02     0.000000    
       zfac248   -0.3398708693267128        5.7800000E-02     0.000000    
       zfac249    7.9112468609295841E-02    5.7800000E-02     0.000000    
       zfac250   -8.8092882045795851E-02    5.7800000E-02     0.000000    
       zfac251   -0.1863531252782872        5.7800000E-02     0.000000    
       zfac252    0.9418667035918495        5.7800000E-02     0.000000    
       zfac253    0.7807326389064118        5.7800000E-02     0.000000    
       zfac254    0.2551443993587941        5.7800000E-02     0.000000    
       zfac255   -4.6840921140484430E-02    5.7800000E-02     0.000000    
       zfac256    1.1771284772179931E-02    5.7800000E-02     0.000000    
       zfac257   -0.1138942970228720        5.7800000E-02     0.000000    
       zfac258    0.1620695624582786        5.7800000E-02     0.000000    
       zfac259    0.3755310134726713        5.7800000E-02     0.000000    
       zfac260    0.4521219288084948        5.7800000E-02     0.000000    
       zfac261   -0.1941440529475606        5.7800000E-02     0.000000    
       zfac262   -0.1155845498990831        5.7800000E-02     0.000000    
       zfac263   -0.3031342455154498        5.7800000E-02     0.000000    
       zfac264   -0.3154775383252942        5.7800000E-02     0.000000    
       zfac265    0.4675925545135779        5.7800000E-02     0.000000    
       zfac266    0.5246566352117682        5.7800000E-02     0.000000    
       zfac267   -0.1266590736356574        5.7800000E-02     0.000000    
       zfac268   -5.6488244084636680E-02    5.7800000E-02     0.000000    
       zfac269   -0.2678908171435640        5.7800000E-02     0.000000    
       zfac270   -0.5148840217641696        5.7800000E-02     0.000000    
       zfac271   -9.5904352459584785E-02    5.7800000E-02     0.000000    
       zfac272    0.2369322263118633        5.7800000E-02     0.000000    
       zfac273    0.1620919068765485        5.7800000E-02     0.000000    
       zfac274    1.5705208135115917E-02    5.7800000E-02     0.000000    
       zfac275   -0.2987072537417128        5.7800000E-02     0.000000    
       zfac276    0.2554403347583408        5.7800000E-02     0.000000    
       zfac277   -0.1320401827464014        5.7800000E-02     0.000000    
       zfac278   -0.1106356364155709        5.7800000E-02     0.000000    
       zfac279    0.2027613079023426        5.7800000E-02     0.000000    
       zfac280    0.4440145750744637        5.7800000E-02     0.000000    
       zfac281   -0.3438596936248270        5.7800000E-02     0.000000    
       zfac282    0.6454018762750572        5.7800000E-02     0.000000    
       zfac283   -3.5303725989844291E-02    5.7800000E-02     0.000000    
       zfac284   -0.5716657897323357        5.7800000E-02     0.000000    
       zfac285   -0.4060233856720070        5.7800000E-02     0.000000    
       zfac286    3.7434421143309686E-02    5.7800000E-02     0.000000    
       zfac287   -0.2607735701741004        5.7800000E-02     0.000000    
       zfac288    6.2022244692207615E-02    5.7800000E-02     0.000000    
       zfac289   -1.9375974520761247E-02    5.7800000E-02     0.000000    
       zfac290    0.7045912552769239        5.7800000E-02     0.000000    
       zfac291   -3.7372074638512109E-02    5.7800000E-02     0.000000    
       zfac292   -0.5601027856176817        5.7800000E-02     0.000000    
       zfac293   -0.3770907368182007        5.7800000E-02     0.000000    
       zfac294   -9.8657157010519039E-02    5.7800000E-02     0.000000    
       zfac295    0.2872118573250658        5.7800000E-02     0.000000    
       zfac296   -0.3666754421038408        5.7800000E-02     0.000000    
       zfac297    0.1212093832612924        5.7800000E-02     0.000000    
       zfac298   -0.1088394613060900        5.7800000E-02     0.000000    
       zfac299   -0.3477530807152249        5.7800000E-02     0.000000    
       zfac300   -0.1259689397754844        5.7800000E-02     0.000000    
         z_aa1   -6.1066102888177397E-02     1.000000         0.000000    
         z_aa2   -0.5877595466855434         1.000000         0.000000    
         z_aa3   -3.8512213428735571E-02     1.000000         0.000000    
         z_aa4   -4.4591673479119159E-02     1.000000         0.000000    
         z_aa5    2.4239055574814400E-04     1.000000         0.000000    
         z_aa6    0.1164358049786316         1.000000         0.000000    
         z_aa7    5.9828282710329153E-02     1.000000         0.000000    
         z_aa8    9.1414396142556975E-02     1.000000         0.000000    
         z_aa9   -4.4905947159806663E-02     1.000000         0.000000    
        z_aa10    0.3395084605173337         1.000000         0.000000    
        z_aa11   -1.0680261447279510E-02     1.000000         0.000000    
        z_aa12   -4.0458230049275158E-02     1.000000         0.000000    
        z_aa13    2.2214503805137190E-02     1.000000         0.000000    
        z_aa14    2.5713863558264990E-02     1.000000         0.000000    
        z_aa15    8.9815988330803814E-02     1.000000         0.000000    
        z_aa16    9.3255047857683668E-02     1.000000         0.000000    
        z_aa17    0.1274938527123241         1.000000         0.000000    
        z_aa18    0.1036318771146552         1.000000         0.000000    
        z_aa19    9.5400816071637529E-02     1.000000         0.000000    
        z_aa20    0.2435937402828547         1.000000         0.000000    
        z_aa21   -1.2426525858673000E-02     1.000000         0.000000    
        z_aa22    0.2908847835656955         1.000000         0.000000    
        z_aa23    8.1258101337809474E-02     1.000000         0.000000    
        z_aa24    0.1125745445318311         1.000000         0.000000    
        z_aa25    0.1051402482716551         1.000000         0.000000    
        z_aa26    0.1301338925333705         1.000000         0.000000    
        z_aa27    0.1769346804726349         1.000000         0.000000    
        z_aa28    0.1198077904505579         1.000000         0.000000    
        z_aa29    0.1840180953712480         1.000000         0.000000    
        z_aa30    0.2869546741708542         1.000000         0.000000    
        z_aa31    4.1448231902828377E-02     1.000000         0.000000    
        z_aa32    0.1689432440109447         1.000000         0.000000    
        z_aa33    0.1961832555968194         1.000000         0.000000    
        z_aa34    6.7232392470597785E-02     1.000000         0.000000    
        z_aa35   -8.5104478096071939E-02     1.000000         0.000000    
        z_aa36    8.0687034309441935E-02     1.000000         0.000000    
        z_aa37    8.8496917333891978E-02     1.000000         0.000000    
        z_aa38   -0.1147833361783690         1.000000         0.000000    
        z_aa39    0.2105537687324370         1.000000         0.000000    
        z_aa40    5.3088808735380827E-02     1.000000         0.000000    
        z_aa41    1.8403973445551919E-02     1.000000         0.000000    
        z_aa42    0.1603673368581475         1.000000         0.000000    
        z_aa43    8.0103400406157835E-02     1.000000         0.000000    
        z_aa44   -0.2781479657432181         1.000000         0.000000    
        z_aa45    1.0573416871646899E-02     1.000000         0.000000    
        z_aa46    3.1853303417752908E-02     1.000000         0.000000    
        z_aa47   -9.6858880732539537E-02     1.000000         0.000000    
        z_aa48    2.1407001114908650E-02     1.000000         0.000000    
        z_aa49    0.1981454754614470         1.000000         0.000000    
        z_aa50    0.1347462883625197         1.000000         0.000000    
        z_aa51   -8.7076827302072363E-03     1.000000         0.000000    
        z_aa52    7.6121579820132804E-02     1.000000         0.000000    
        z_aa53   -2.7683994172613888E-02     1.000000         0.000000    
        z_aa54   -3.0396310494613971E-02     1.000000         0.000000    
        z_aa55   -0.2054981373562190         1.000000         0.000000    
        z_aa56   -4.6509185657474791E-02     1.000000         0.000000    
        z_aa57    1.4406649127945670E-02     1.000000         0.000000    
        z_aa58   -8.6899753774161093E-02     1.000000         0.000000    
        z_aa59    0.1611328662034713         1.000000         0.000000    
        z_aa60    0.2697221863348886         1.000000         0.000000    
        z_aa61   -9.3976450087060293E-02     1.000000         0.000000    
        z_aa62   -7.0394210955205747E-02     1.000000         0.000000    
        z_aa63   -9.8241464972892281E-02     1.000000         0.000000    
        z_aa64   -0.3459768238946304         1.000000         0.000000    
        z_aa65   -1.9634830698945751E-02     1.000000         0.000000    
        z_aa66    1.5715107615781959E-02     1.000000         0.000000    
        z_aa67   -0.7150055695080314         1.000000         0.000000    
        z_aa68    5.4110767543215671E-02     1.000000         0.000000    
        z_aa69    6.3389194863807202E-02     1.000000         0.000000    
        z_aa70    0.3131304860665450         1.000000         0.000000    
        z_aa71    1.4240532646554740E-02     1.000000         0.000000    
        z_aa72   -0.1591018952939613         1.000000         0.000000    
        z_aa73   -4.9717233621365563E-02     1.000000         0.000000    
        z_aa74   -6.2300733399513558E-02     1.000000         0.000000    
        z_aa75   -0.1202887322937388         1.000000         0.000000    
        z_aa76   -2.7919001941428729E-02     1.000000         0.000000    
        z_aa77   -1.2575837876960740E-02     1.000000         0.000000    
        z_aa78    5.7443658555476902E-02     1.000000         0.000000    
        z_aa79    0.2177378489501617         1.000000         0.000000    
        z_aa80    0.3412609544777964         1.000000         0.000000    
        z_aa81   -1.8188162244333621E-03     1.000000         0.000000    
        z_aa82   -0.2803964828203678         1.000000         0.000000    
        z_aa83   -0.1002849628286646         1.000000         0.000000    
        z_aa84   -0.2106751053914585         1.000000         0.000000    
        z_aa85   -7.8903753683062322E-02     1.000000         0.000000    
        z_aa86   -4.0113076038895537E-02     1.000000         0.000000    
        z_aa87    3.0172577513680739E-02     1.000000         0.000000    
        z_aa88    0.1574113606082565         1.000000         0.000000    
        z_aa89    0.1668335647039288         1.000000         0.000000    
        z_aa90    0.2826227912488503         1.000000         0.000000    
        z_aa91    0.2187409548730209         1.000000         0.000000    
        z_aa92    0.1983960910243827         1.000000         0.000000    
        z_aa93   -1.7656475666841639E-02     1.000000         0.000000    
        z_aa94   -3.4687464070412700E-03     1.000000         0.000000    
        z_aa95   -0.3247105467218416         1.000000         0.000000    
        z_aa96    0.1677355596785838         1.000000         0.000000    
        z_aa97    0.1277156862782135         1.000000         0.000000    
        z_aa98    0.2899236777167858         1.000000         0.000000    
        z_aa99    0.2454006341342268         1.000000         0.000000    
       z_aa100    0.2891492022148984         1.000000         0.000000    
        sill_m     4.000000000000000         1.000000         0.000000    
       range_m     18.54451642540000        1.0000000E-02     0.000000    
          af_m     111.2823073040000        1.0000000E-02     0.000000    
          aa_m   -0.1993535273700000         1.000000         0.000000    
