  double point
           k_m     1.000000000000000         1.000000         0.000000    
         zfac1    0.1415765000000000        5.7800000E-02     0.000000    
         zfac2   -0.3245075000000000        5.7800000E-02     0.000000    
         zfac3    0.3132451000000000        5.7800000E-02     0.000000    
         zfac4   -0.1374732000000000        5.7800000E-02     0.000000    
         zfac5    0.1979617000000000        5.7800000E-02     0.000000    
         zfac6    3.5015612000000000E-02    5.7800000E-02     0.000000    
         zfac7   -0.4092973000000000        5.7800000E-02     0.000000    
         zfac8   -3.3977625999999996E-02    5.7800000E-02     0.000000    
         zfac9   -0.7334950000000000        5.7800000E-02     0.000000    
        zfac10    0.5143875000000002        5.7800000E-02     0.000000    
        zfac11   -0.1396072000000000        5.7800000E-02     0.000000    
        zfac12    0.5544540000000000        5.7800000E-02     0.000000    
        zfac13    2.2057999000000000E-03    5.7800000E-02     0.000000    
        zfac14    9.4757285000000000E-02    5.7800000E-02     0.000000    
        zfac15    0.5118888000000000        5.7800000E-02     0.000000    
        zfac16   -0.4472898000000000        5.7800000E-02     0.000000    
        zfac17   -0.3044392000000000        5.7800000E-02     0.000000    
        zfac18   -1.1957054000000000E-02    5.7800000E-02     0.000000    
        zfac19    0.1008537000000000        5.7800000E-02     0.000000    
        zfac20   -7.9625449000000000E-02    5.7800000E-02     0.000000    
        zfac21    5.9991512000000000E-02    5.7800000E-02     0.000000    
        zfac22   -0.2824501000000001        5.7800000E-02     0.000000    
        zfac23    0.2373463000000000        5.7800000E-02     0.000000    
        zfac24   -2.1275607000000000E-02    5.7800000E-02     0.000000    
        zfac25    0.1998851000000000        5.7800000E-02     0.000000    
        zfac26   -0.8526698000000000        5.7800000E-02     0.000000    
        zfac27   -0.3155199000000000        5.7800000E-02     0.000000    
        zfac28   -0.1981665000000000        5.7800000E-02     0.000000    
        zfac29   -0.4533949000000000        5.7800000E-02     0.000000    
        zfac30    9.6645649000000000E-02    5.7800000E-02     0.000000    
        zfac31    0.2080969000000000        5.7800000E-02     0.000000    
        zfac32   -0.2374983000000000        5.7800000E-02     0.000000    
        zfac33   -0.3408328000000001        5.7800000E-02     0.000000    
        zfac34   -0.2950295000000000        5.7800000E-02     0.000000    
        zfac35    0.4015518000000000        5.7800000E-02     0.000000    
        zfac36    5.5572907000000000E-02    5.7800000E-02     0.000000    
        zfac37    7.0667753000000000E-02    5.7800000E-02     0.000000    
        zfac38    0.2219612000000000        5.7800000E-02     0.000000    
        zfac39   -0.3937461000000001        5.7800000E-02     0.000000    
        zfac40   -9.8380386000000016E-02    5.7800000E-02     0.000000    
        zfac41   -9.9544177000000016E-02    5.7800000E-02     0.000000    
        zfac42    0.4671610000000000        5.7800000E-02     0.000000    
        zfac43    2.9908580000000000E-02    5.7800000E-02     0.000000    
        zfac44   -0.2621528000000000        5.7800000E-02     0.000000    
        zfac45   -0.3527568000000001        5.7800000E-02     0.000000    
        zfac46    0.1246841000000000        5.7800000E-02     0.000000    
        zfac47   -0.1451204000000000        5.7800000E-02     0.000000    
        zfac48   -0.1206471000000000        5.7800000E-02     0.000000    
        zfac49    1.6492778000000000E-02    5.7800000E-02     0.000000    
        zfac50    0.5606004000000000        5.7800000E-02     0.000000    
        zfac51   -0.1557129000000000        5.7800000E-02     0.000000    
        zfac52    0.4970672000000000        5.7800000E-02     0.000000    
        zfac53    0.5334406000000000        5.7800000E-02     0.000000    
        zfac54   -0.1915779000000000        5.7800000E-02     0.000000    
        zfac55    0.1616431000000000        5.7800000E-02     0.000000    
        zfac56    0.2629644000000000        5.7800000E-02     0.000000    
        zfac57    0.3275229000000000        5.7800000E-02     0.000000    
        zfac58    0.5345223000000000        5.7800000E-02     0.000000    
        zfac59    3.5549274000000000E-02    5.7800000E-02     0.000000    
        zfac60   -6.6915701000000008E-02    5.7800000E-02     0.000000    
        zfac61    0.3285740000000000        5.7800000E-02     0.000000    
        zfac62    0.1246316000000000        5.7800000E-02     0.000000    
        zfac63    0.1666649000000000        5.7800000E-02     0.000000    
        zfac64    0.6072935000000000        5.7800000E-02     0.000000    
        zfac65    5.2138131000000008E-02    5.7800000E-02     0.000000    
        zfac66    0.4388139000000001        5.7800000E-02     0.000000    
        zfac67   -7.6891670000000000E-02    5.7800000E-02     0.000000    
        zfac68   -0.2839607000000000        5.7800000E-02     0.000000    
        zfac69    0.6379836000000002        5.7800000E-02     0.000000    
        zfac70    0.1577639000000000        5.7800000E-02     0.000000    
        zfac71   -0.2406698000000000        5.7800000E-02     0.000000    
        zfac72    0.2529205000000001        5.7800000E-02     0.000000    
        zfac73   -0.3938249000000001        5.7800000E-02     0.000000    
        zfac74   -0.1054687000000000        5.7800000E-02     0.000000    
        zfac75    1.6326925000000000E-05    5.7800000E-02     0.000000    
        zfac76   -6.7055497000000008E-02    5.7800000E-02     0.000000    
        zfac77   -0.2427017000000000        5.7800000E-02     0.000000    
        zfac78    0.5572897000000002        5.7800000E-02     0.000000    
        zfac79    0.2637977000000000        5.7800000E-02     0.000000    
        zfac80   -0.5736096000000002        5.7800000E-02     0.000000    
        zfac81   -0.2237389000000000        5.7800000E-02     0.000000    
        zfac82    0.3586844000000000        5.7800000E-02     0.000000    
        zfac83    0.1483089000000000        5.7800000E-02     0.000000    
        zfac84    7.8132343000000000E-02    5.7800000E-02     0.000000    
        zfac85    0.2322717000000000        5.7800000E-02     0.000000    
        zfac86    0.2310330000000000        5.7800000E-02     0.000000    
        zfac87    0.3268308000000001        5.7800000E-02     0.000000    
        zfac88   -0.1872246000000000        5.7800000E-02     0.000000    
        zfac89   -0.1870639000000000        5.7800000E-02     0.000000    
        zfac90    0.1107457000000000        5.7800000E-02     0.000000    
        zfac91    0.1652039000000000        5.7800000E-02     0.000000    
        zfac92   -0.3525506000000000        5.7800000E-02     0.000000    
        zfac93   -0.2539017000000000        5.7800000E-02     0.000000    
        zfac94   -1.1006827000000002E-02    5.7800000E-02     0.000000    
        zfac95   -0.2647194000000000        5.7800000E-02     0.000000    
        zfac96    0.3935001000000000        5.7800000E-02     0.000000    
        zfac97   -2.1493229000000000E-02    5.7800000E-02     0.000000    
        zfac98    0.1730037000000000        5.7800000E-02     0.000000    
        zfac99    0.2610885000000000        5.7800000E-02     0.000000    
       zfac100    0.4978330000000002        5.7800000E-02     0.000000    
       zfac101   -0.7112471000000002        5.7800000E-02     0.000000    
       zfac102   -0.1961224000000000        5.7800000E-02     0.000000    
       zfac103   -0.5234458000000000        5.7800000E-02     0.000000    
       zfac104   -0.3957552000000001        5.7800000E-02     0.000000    
       zfac105    8.3778008000000000E-02    5.7800000E-02     0.000000    
       zfac106   -0.2448822000000000        5.7800000E-02     0.000000    
       zfac107    0.1572732000000000        5.7800000E-02     0.000000    
       zfac108    0.2341587000000000        5.7800000E-02     0.000000    
       zfac109    0.1218217000000000        5.7800000E-02     0.000000    
       zfac110   -0.2971610000000000        5.7800000E-02     0.000000    
       zfac111   -0.3014130000000001        5.7800000E-02     0.000000    
       zfac112   -0.2216448000000000        5.7800000E-02     0.000000    
       zfac113    0.5015781000000000        5.7800000E-02     0.000000    
       zfac114    0.4461763000000001        5.7800000E-02     0.000000    
       zfac115    9.8117833000000000E-02    5.7800000E-02     0.000000    
       zfac116   -0.2764581000000001        5.7800000E-02     0.000000    
       zfac117   -5.3748062000000000E-02    5.7800000E-02     0.000000    
       zfac118    6.6417457000000000E-04    5.7800000E-02     0.000000    
       zfac119   -6.9093766000000000E-03    5.7800000E-02     0.000000    
       zfac120   -0.1345539000000000        5.7800000E-02     0.000000    
       zfac121   -0.1338335000000000        5.7800000E-02     0.000000    
       zfac122    0.1471545000000000        5.7800000E-02     0.000000    
       zfac123    0.4641427000000000        5.7800000E-02     0.000000    
       zfac124    9.4276896000000016E-02    5.7800000E-02     0.000000    
       zfac125   -0.3365519000000000        5.7800000E-02     0.000000    
       zfac126    0.3320630000000001        5.7800000E-02     0.000000    
       zfac127   -0.4941264000000000        5.7800000E-02     0.000000    
       zfac128    0.1896993000000000        5.7800000E-02     0.000000    
       zfac129    0.4784242000000000        5.7800000E-02     0.000000    
       zfac130   -0.1699452000000000        5.7800000E-02     0.000000    
       zfac131   -0.6772469000000000        5.7800000E-02     0.000000    
       zfac132   -9.3392644000000016E-02    5.7800000E-02     0.000000    
       zfac133   -0.3246557000000001        5.7800000E-02     0.000000    
       zfac134   -0.1657293000000000        5.7800000E-02     0.000000    
       zfac135   -0.1171580000000000        5.7800000E-02     0.000000    
       zfac136    0.1797869000000000        5.7800000E-02     0.000000    
       zfac137    0.2254591000000000        5.7800000E-02     0.000000    
       zfac138    0.3183470000000000        5.7800000E-02     0.000000    
       zfac139    -1.532061000000000        5.7800000E-02     0.000000    
       zfac140    0.4577968000000000        5.7800000E-02     0.000000    
       zfac141   -0.4915961000000000        5.7800000E-02     0.000000    
       zfac142    0.1925197000000000        5.7800000E-02     0.000000    
       zfac143    2.8757156000000004E-02    5.7800000E-02     0.000000    
       zfac144   -3.9660353000000000E-02    5.7800000E-02     0.000000    
       zfac145   -0.3670371000000001        5.7800000E-02     0.000000    
       zfac146    0.1661362000000000        5.7800000E-02     0.000000    
       zfac147    0.1887709000000000        5.7800000E-02     0.000000    
       zfac148    0.3565243000000000        5.7800000E-02     0.000000    
       zfac149   -0.6886703000000002        5.7800000E-02     0.000000    
       zfac150    0.1044957000000000        5.7800000E-02     0.000000    
       zfac151   -2.5423309000000000E-02    5.7800000E-02     0.000000    
       zfac152   -2.2464145000000000E-02    5.7800000E-02     0.000000    
       zfac153    0.6274655000000000        5.7800000E-02     0.000000    
       zfac154   -0.1461351000000000        5.7800000E-02     0.000000    
       zfac155   -0.2894419000000001        5.7800000E-02     0.000000    
       zfac156   -0.2375000000000000        5.7800000E-02     0.000000    
       zfac157   -1.5355752000000000E-03    5.7800000E-02     0.000000    
       zfac158   -0.2615277000000001        5.7800000E-02     0.000000    
       zfac159    0.5551197000000000        5.7800000E-02     0.000000    
       zfac160    7.7952256000000000E-03    5.7800000E-02     0.000000    
       zfac161   -5.4857161000000000E-02    5.7800000E-02     0.000000    
       zfac162   -0.2105769000000000        5.7800000E-02     0.000000    
       zfac163    0.3684436000000000        5.7800000E-02     0.000000    
       zfac164    0.2034234000000000        5.7800000E-02     0.000000    
       zfac165   -0.5199190000000000        5.7800000E-02     0.000000    
       zfac166    0.1105212000000000        5.7800000E-02     0.000000    
       zfac167   -0.1628447000000000        5.7800000E-02     0.000000    
       zfac168   -0.1241584000000000        5.7800000E-02     0.000000    
       zfac169    6.4264485000000008E-02    5.7800000E-02     0.000000    
       zfac170   -2.5940537000000000E-03    5.7800000E-02     0.000000    
       zfac171    4.8362843000000000E-02    5.7800000E-02     0.000000    
       zfac172    0.2938597000000000        5.7800000E-02     0.000000    
       zfac173   -0.5443396000000000        5.7800000E-02     0.000000    
       zfac174   -0.2172838000000000        5.7800000E-02     0.000000    
       zfac175   -1.2503370000000000E-02    5.7800000E-02     0.000000    
       zfac176    0.4545210000000002        5.7800000E-02     0.000000    
       zfac177    3.7388047000000000E-02    5.7800000E-02     0.000000    
       zfac178   -4.7440236000000000E-02    5.7800000E-02     0.000000    
       zfac179    0.1520339000000000        5.7800000E-02     0.000000    
       zfac180   -0.1879560000000000        5.7800000E-02     0.000000    
       zfac181   -0.1311515000000000        5.7800000E-02     0.000000    
       zfac182    0.1786373000000000        5.7800000E-02     0.000000    
       zfac183   -7.4282267000000000E-03    5.7800000E-02     0.000000    
       zfac184    0.1151582000000000        5.7800000E-02     0.000000    
       zfac185    0.1648459000000000        5.7800000E-02     0.000000    
       zfac186   -0.1551515000000000        5.7800000E-02     0.000000    
       zfac187   -9.8416083000000000E-02    5.7800000E-02     0.000000    
       zfac188    0.4038907000000001        5.7800000E-02     0.000000    
       zfac189    1.2061277000000000E-02    5.7800000E-02     0.000000    
       zfac190   -0.3943007000000001        5.7800000E-02     0.000000    
       zfac191    5.6159832000000008E-03    5.7800000E-02     0.000000    
       zfac192   -4.3969068000000008E-02    5.7800000E-02     0.000000    
       zfac193    1.9471766000000000E-02    5.7800000E-02     0.000000    
       zfac194    0.3787537000000000        5.7800000E-02     0.000000    
       zfac195    1.7139868999999998E-02    5.7800000E-02     0.000000    
       zfac196    0.4657861000000000        5.7800000E-02     0.000000    
       zfac197   -0.2936234000000000        5.7800000E-02     0.000000    
       zfac198    0.3496988000000001        5.7800000E-02     0.000000    
       zfac199   -6.4778270000000016E-02    5.7800000E-02     0.000000    
       zfac200    0.2545420000000001        5.7800000E-02     0.000000    
       zfac201   -0.4351766000000000        5.7800000E-02     0.000000    
       zfac202   -0.1448395000000000        5.7800000E-02     0.000000    
       zfac203    0.1729640000000000        5.7800000E-02     0.000000    
       zfac204   -0.5132152000000000        5.7800000E-02     0.000000    
       zfac205   -0.3981849000000000        5.7800000E-02     0.000000    
       zfac206   -0.1323365000000000        5.7800000E-02     0.000000    
       zfac207    0.2478548000000000        5.7800000E-02     0.000000    
       zfac208   -0.2335096000000000        5.7800000E-02     0.000000    
       zfac209    0.2904021000000000        5.7800000E-02     0.000000    
       zfac210    0.4295121000000000        5.7800000E-02     0.000000    
       zfac211   -9.4878334000000016E-02    5.7800000E-02     0.000000    
       zfac212    0.4978609000000000        5.7800000E-02     0.000000    
       zfac213   -0.1416338000000000        5.7800000E-02     0.000000    
       zfac214   -0.4458859000000001        5.7800000E-02     0.000000    
       zfac215   -0.5449040000000002        5.7800000E-02     0.000000    
       zfac216   -0.2035086000000000        5.7800000E-02     0.000000    
       zfac217   -0.5144775000000000        5.7800000E-02     0.000000    
       zfac218    0.3716908000000000        5.7800000E-02     0.000000    
       zfac219    0.1689899000000000        5.7800000E-02     0.000000    
       zfac220   -0.2154190000000000        5.7800000E-02     0.000000    
       zfac221   -0.2855637000000001        5.7800000E-02     0.000000    
       zfac222   -0.4876763000000000        5.7800000E-02     0.000000    
       zfac223   -0.2488357000000000        5.7800000E-02     0.000000    
       zfac224   -2.8348179000000000E-02    5.7800000E-02     0.000000    
       zfac225   -0.6727943000000002        5.7800000E-02     0.000000    
       zfac226    0.5165852000000002        5.7800000E-02     0.000000    
       zfac227    0.3903803000000000        5.7800000E-02     0.000000    
       zfac228    0.2079190000000000        5.7800000E-02     0.000000    
       zfac229   -0.2892157000000000        5.7800000E-02     0.000000    
       zfac230    0.3289204000000000        5.7800000E-02     0.000000    
       zfac231   -0.4342309000000001        5.7800000E-02     0.000000    
       zfac232    0.1951500000000000        5.7800000E-02     0.000000    
       zfac233    0.3960005000000001        5.7800000E-02     0.000000    
       zfac234   -6.0118148000000000E-02    5.7800000E-02     0.000000    
       zfac235    0.1619998000000000        5.7800000E-02     0.000000    
       zfac236    0.5915166000000002        5.7800000E-02     0.000000    
       zfac237   -0.2565304000000000        5.7800000E-02     0.000000    
       zfac238   -0.1035005000000000        5.7800000E-02     0.000000    
       zfac239    0.3967509000000000        5.7800000E-02     0.000000    
       zfac240   -0.2975074000000001        5.7800000E-02     0.000000    
       zfac241   -0.1446004000000000        5.7800000E-02     0.000000    
       zfac242   -0.2165203000000000        5.7800000E-02     0.000000    
       zfac243    0.6481933000000002        5.7800000E-02     0.000000    
       zfac244    6.1338422000000000E-02    5.7800000E-02     0.000000    
       zfac245    0.3625202000000000        5.7800000E-02     0.000000    
       zfac246    0.4950189000000000        5.7800000E-02     0.000000    
       zfac247   -0.1516758000000000        5.7800000E-02     0.000000    
       zfac248   -0.1113559000000000        5.7800000E-02     0.000000    
       zfac249   -0.3727243000000001        5.7800000E-02     0.000000    
       zfac250   -0.2158430000000000        5.7800000E-02     0.000000    
       zfac251   -0.2091034000000000        5.7800000E-02     0.000000    
       zfac252    6.0662453000000008E-02    5.7800000E-02     0.000000    
       zfac253    0.1537686000000000        5.7800000E-02     0.000000    
       zfac254    0.1643084000000000        5.7800000E-02     0.000000    
       zfac255    0.2793248000000001        5.7800000E-02     0.000000    
       zfac256   -0.3187786000000000        5.7800000E-02     0.000000    
       zfac257   -0.1086898000000000        5.7800000E-02     0.000000    
       zfac258   -4.4953594000000000E-02    5.7800000E-02     0.000000    
       zfac259    0.1831869000000000        5.7800000E-02     0.000000    
       zfac260   -0.1241016000000000        5.7800000E-02     0.000000    
       zfac261   -7.1124141000000000E-02    5.7800000E-02     0.000000    
       zfac262   -0.2277020000000000        5.7800000E-02     0.000000    
       zfac263   -6.3619634000000008E-02    5.7800000E-02     0.000000    
       zfac264    0.2515537000000001        5.7800000E-02     0.000000    
       zfac265   -6.1571153000000000E-02    5.7800000E-02     0.000000    
       zfac266   -0.7707668000000002        5.7800000E-02     0.000000    
       zfac267   -0.2832651000000001        5.7800000E-02     0.000000    
       zfac268    0.8316843000000000        5.7800000E-02     0.000000    
       zfac269    9.7236557000000016E-02    5.7800000E-02     0.000000    
       zfac270    0.1923687000000000        5.7800000E-02     0.000000    
       zfac271   -4.2467059000000000E-02    5.7800000E-02     0.000000    
       zfac272    8.7621439000000000E-02    5.7800000E-02     0.000000    
       zfac273    0.3951627000000001        5.7800000E-02     0.000000    
       zfac274    0.4130466000000001        5.7800000E-02     0.000000    
       zfac275   -0.5328350000000002        5.7800000E-02     0.000000    
       zfac276   -0.2785497000000000        5.7800000E-02     0.000000    
       zfac277    9.1976663000000016E-02    5.7800000E-02     0.000000    
       zfac278   -0.3051469000000000        5.7800000E-02     0.000000    
       zfac279   -5.8515589000000008E-02    5.7800000E-02     0.000000    
       zfac280    0.4222276000000000        5.7800000E-02     0.000000    
       zfac281   -0.2251913000000000        5.7800000E-02     0.000000    
       zfac282    7.3995891000000000E-02    5.7800000E-02     0.000000    
       zfac283    0.1009034000000000        5.7800000E-02     0.000000    
       zfac284    0.2037719000000000        5.7800000E-02     0.000000    
       zfac285    0.3775499000000001        5.7800000E-02     0.000000    
       zfac286   -8.7991319000000000E-02    5.7800000E-02     0.000000    
       zfac287   -0.3678257000000001        5.7800000E-02     0.000000    
       zfac288    0.1744792000000000        5.7800000E-02     0.000000    
       zfac289   -0.6058184000000000        5.7800000E-02     0.000000    
       zfac290    3.4057239000000004E-02    5.7800000E-02     0.000000    
       zfac291   -0.3994856000000000        5.7800000E-02     0.000000    
       zfac292    0.2341982000000000        5.7800000E-02     0.000000    
       zfac293   -1.3775748000000000E-02    5.7800000E-02     0.000000    
       zfac294    0.2878383000000001        5.7800000E-02     0.000000    
       zfac295    0.2750371000000000        5.7800000E-02     0.000000    
       zfac296   -0.1335478000000000        5.7800000E-02     0.000000    
       zfac297    2.6652015000000000E-02    5.7800000E-02     0.000000    
       zfac298   -0.2111721000000000        5.7800000E-02     0.000000    
       zfac299    0.4379609000000001        5.7800000E-02     0.000000    
       zfac300    6.4317487000000008E-02    5.7800000E-02     0.000000    
         z_aa1    3.3320111000000000E-02     1.000000         0.000000    
         z_aa2    2.2347040000000000E-02     1.000000         0.000000    
         z_aa3    1.8900090000000000E-02     1.000000         0.000000    
         z_aa4    1.0259006000000000E-02     1.000000         0.000000    
         z_aa5    4.5738302000000000E-03     1.000000         0.000000    
         z_aa6    4.6992152000000000E-03     1.000000         0.000000    
         z_aa7    3.3230387999999996E-03     1.000000         0.000000    
         z_aa8   -2.2198655000000000E-03     1.000000         0.000000    
         z_aa9   -1.6444180999999998E-02     1.000000         0.000000    
        z_aa10   -4.2170960000000000E-02     1.000000         0.000000    
        z_aa11    2.7154238000000000E-02     1.000000         0.000000    
        z_aa12    2.2574691000000000E-02     1.000000         0.000000    
        z_aa13   -1.0045518000000000E-02     1.000000         0.000000    
        z_aa14    2.8793092000000000E-03     1.000000         0.000000    
        z_aa15    8.8350860000000032E-03     1.000000         0.000000    
        z_aa16   -2.3852886000000000E-03     1.000000         0.000000    
        z_aa17    3.0527515000000000E-03     1.000000         0.000000    
        z_aa18   -1.4489754000000000E-03     1.000000         0.000000    
        z_aa19   -1.3204473000000000E-02     1.000000         0.000000    
        z_aa20   -1.7332727999999998E-02     1.000000         0.000000    
        z_aa21    2.3716629000000000E-02     1.000000         0.000000    
        z_aa22    1.5761157000000002E-02     1.000000         0.000000    
        z_aa23    8.4201610000000016E-03     1.000000         0.000000    
        z_aa24    3.3095875000000000E-03     1.000000         0.000000    
        z_aa25   -1.8123923000000000E-03     1.000000         0.000000    
        z_aa26    1.5898866000000000E-03     1.000000         0.000000    
        z_aa27   -2.6360196000000000E-03     1.000000         0.000000    
        z_aa28   -6.1420497000000000E-03     1.000000         0.000000    
        z_aa29   -6.4601173000000000E-03     1.000000         0.000000    
        z_aa30   -1.6209008000000000E-02     1.000000         0.000000    
        z_aa31    2.5932951000000000E-02     1.000000         0.000000    
        z_aa32    1.2667669000000000E-02     1.000000         0.000000    
        z_aa33    1.4071832000000000E-02     1.000000         0.000000    
        z_aa34    4.6387760000000000E-03     1.000000         0.000000    
        z_aa35    5.5300280000000000E-03     1.000000         0.000000    
        z_aa36    6.9094139000000000E-04     1.000000         0.000000    
        z_aa37    5.7361391000000000E-03     1.000000         0.000000    
        z_aa38   -1.6861569000000000E-03     1.000000         0.000000    
        z_aa39   -1.2113774000000000E-02     1.000000         0.000000    
        z_aa40   -1.3935022000000000E-02     1.000000         0.000000    
        z_aa41    2.8280469000000000E-02     1.000000         0.000000    
        z_aa42    1.9321436000000000E-02     1.000000         0.000000    
        z_aa43    1.2887476000000000E-02     1.000000         0.000000    
        z_aa44    2.7491930000000000E-03     1.000000         0.000000    
        z_aa45    1.3616766000000000E-02     1.000000         0.000000    
        z_aa46    6.9466061000000000E-03     1.000000         0.000000    
        z_aa47    8.8845177000000000E-03     1.000000         0.000000    
        z_aa48   -2.8869858000000000E-03     1.000000         0.000000    
        z_aa49   -2.3478718000000000E-03     1.000000         0.000000    
        z_aa50   -2.3691615000000000E-02     1.000000         0.000000    
        z_aa51    4.2676743000000008E-02     1.000000         0.000000    
        z_aa52    1.8822123000000000E-02     1.000000         0.000000    
        z_aa53    3.3697157000000000E-03     1.000000         0.000000    
        z_aa54    6.1961980000000000E-03     1.000000         0.000000    
        z_aa55    7.0831450000000000E-03     1.000000         0.000000    
        z_aa56   -4.5599697000000000E-04     1.000000         0.000000    
        z_aa57    4.3434822000000000E-03     1.000000         0.000000    
        z_aa58    5.1215882000000000E-03     1.000000         0.000000    
        z_aa59   -2.9662118000000000E-03     1.000000         0.000000    
        z_aa60   -2.7429897000000000E-02     1.000000         0.000000    
        z_aa61    4.4486243000000000E-02     1.000000         0.000000    
        z_aa62    2.7114026000000000E-02     1.000000         0.000000    
        z_aa63    1.7468404000000000E-02     1.000000         0.000000    
        z_aa64    1.1120047000000000E-02     1.000000         0.000000    
        z_aa65    1.1477251000000000E-02     1.000000         0.000000    
        z_aa66    8.4522803000000000E-03     1.000000         0.000000    
        z_aa67    7.6358759000000000E-04     1.000000         0.000000    
        z_aa68    1.2356700000000000E-02     1.000000         0.000000    
        z_aa69   -6.9000100000000000E-03     1.000000         0.000000    
        z_aa70   -4.4662018000000000E-02     1.000000         0.000000    
        z_aa71    4.7791336000000000E-02     1.000000         0.000000    
        z_aa72    2.7726437000000000E-02     1.000000         0.000000    
        z_aa73    1.7554230000000000E-02     1.000000         0.000000    
        z_aa74    1.2471698000000000E-02     1.000000         0.000000    
        z_aa75    1.2743085000000000E-02     1.000000         0.000000    
        z_aa76    8.1234794000000000E-03     1.000000         0.000000    
        z_aa77   -6.6545530000000000E-03     1.000000         0.000000    
        z_aa78    2.7590191000000000E-02     1.000000         0.000000    
        z_aa79   -1.5744914000000000E-03     1.000000         0.000000    
        z_aa80   -7.3617868000000000E-02     1.000000         0.000000    
        z_aa81    3.3076441000000000E-02     1.000000         0.000000    
        z_aa82    2.9278131000000000E-02     1.000000         0.000000    
        z_aa83    1.9166088000000000E-02     1.000000         0.000000    
        z_aa84    1.7313386000000000E-02     1.000000         0.000000    
        z_aa85    1.7087219000000000E-02     1.000000         0.000000    
        z_aa86    1.8089274000000000E-02     1.000000         0.000000    
        z_aa87    1.6181889000000002E-02     1.000000         0.000000    
        z_aa88    2.2553134000000000E-02     1.000000         0.000000    
        z_aa89   -3.3155189000000000E-02     1.000000         0.000000    
        z_aa90   -1.7653436000000002E-02     1.000000         0.000000    
        z_aa91    2.3227499000000000E-02     1.000000         0.000000    
        z_aa92    2.8452137000000000E-02     1.000000         0.000000    
        z_aa93    1.1318644000000000E-02     1.000000         0.000000    
        z_aa94    1.2988387000000000E-02     1.000000         0.000000    
        z_aa95    2.1137310000000000E-02     1.000000         0.000000    
        z_aa96    1.6775215000000000E-02     1.000000         0.000000    
        z_aa97    2.2039436000000000E-02     1.000000         0.000000    
        z_aa98    1.8426613000000000E-02     1.000000         0.000000    
        z_aa99    2.5756197000000000E-03     1.000000         0.000000    
       z_aa100    1.7393424000000002E-02     1.000000         0.000000    
        sill_m     4.000000000000000         1.000000         0.000000    
       range_m     18.59150000000000        1.0000000E-02     0.000000    
          af_m     111.9528000000000        1.0000000E-02     0.000000    
          aa_m   -0.1212117000000000         1.000000         0.000000    
