  double point
           k_m     1.000000000000000         1.000000         0.000000    
         zfac1    0.6281762477279932        5.7800000E-02     0.000000    
         zfac2    0.1808549206949343        5.7800000E-02     0.000000    
         zfac3   -6.9423306229844300E-02    5.7800000E-02     0.000000    
         zfac4   -0.3256044950091349        5.7800000E-02     0.000000    
         zfac5   -0.1798870404593772        5.7800000E-02     0.000000    
         zfac6   -1.4944569301903115E-02    5.7800000E-02     0.000000    
         zfac7   -0.3154055166643253        5.7800000E-02     0.000000    
         zfac8    0.1598863649990415        5.7800000E-02     0.000000    
         zfac9   -0.4560427080396540        5.7800000E-02     0.000000    
        zfac10   -0.2590761432099308        5.7800000E-02     0.000000    
        zfac11    0.5653528670582094        5.7800000E-02     0.000000    
        zfac12   -8.0687556826038065E-02    5.7800000E-02     0.000000    
        zfac13    0.1824725980727751        5.7800000E-02     0.000000    
        zfac14    0.1730263797736055        5.7800000E-02     0.000000    
        zfac15    5.1211970246660904E-03    5.7800000E-02     0.000000    
        zfac16   -0.4095317421370762        5.7800000E-02     0.000000    
        zfac17   -0.1938700351143772        5.7800000E-02     0.000000    
        zfac18    8.8612886612650515E-02    5.7800000E-02     0.000000    
        zfac19   -1.4519470216349481E-02    5.7800000E-02     0.000000    
        zfac20   -0.1631698627843426        5.7800000E-02     0.000000    
        zfac21   -6.6795542065311422E-02    5.7800000E-02     0.000000    
        zfac22    0.1912937331026401        5.7800000E-02     0.000000    
        zfac23    0.4114855781877232        5.7800000E-02     0.000000    
        zfac24    0.1002099845678858        5.7800000E-02     0.000000    
        zfac25   -0.2787264741798616        5.7800000E-02     0.000000    
        zfac26   -0.4835887029111765        5.7800000E-02     0.000000    
        zfac27   -0.2029464937611073        5.7800000E-02     0.000000    
        zfac28    0.5196706022613288        5.7800000E-02     0.000000    
        zfac29    8.3433086795794115E-02    5.7800000E-02     0.000000    
        zfac30   -0.1367439218683045        5.7800000E-02     0.000000    
        zfac31   -9.6076832000743947E-02    5.7800000E-02     0.000000    
        zfac32    0.7272321184599534        5.7800000E-02     0.000000    
        zfac33   -0.3062655889657785        5.7800000E-02     0.000000    
        zfac34    0.1918388424630052        5.7800000E-02     0.000000    
        zfac35    0.3241263184402751        5.7800000E-02     0.000000    
        zfac36    0.2040459251795086        5.7800000E-02     0.000000    
        zfac37   -0.3925959399894637        5.7800000E-02     0.000000    
        zfac38    8.2454332783579581E-02    5.7800000E-02     0.000000    
        zfac39   -0.3251835475868166        5.7800000E-02     0.000000    
        zfac40   -0.2772964954236159        5.7800000E-02     0.000000    
        zfac41   -0.8242256149091696        5.7800000E-02     0.000000    
        zfac42    6.5631256271323532E-02    5.7800000E-02     0.000000    
        zfac43     1.242079376735920        5.7800000E-02     0.000000    
        zfac44    0.4050604487581385        5.7800000E-02     0.000000    
        zfac45   -0.2170960102282007        5.7800000E-02     0.000000    
        zfac46    8.5674609725624573E-02    5.7800000E-02     0.000000    
        zfac47   -0.5188533607257613        5.7800000E-02     0.000000    
        zfac48   -9.4744923593564012E-02    5.7800000E-02     0.000000    
        zfac49   -0.3338455730152768        5.7800000E-02     0.000000    
        zfac50     1.494314241469476        5.7800000E-02     0.000000    
        zfac51   -0.6822596897540831        5.7800000E-02     0.000000    
        zfac52    5.4445921960449830E-03    5.7800000E-02     0.000000    
        zfac53    0.3998502159827388        5.7800000E-02     0.000000    
        zfac54    0.1766199132313997        5.7800000E-02     0.000000    
        zfac55   -0.3237698331446540        5.7800000E-02     0.000000    
        zfac56   -0.3872929565131142        5.7800000E-02     0.000000    
        zfac57   -2.7394685970865053E-02    5.7800000E-02     0.000000    
        zfac58   -0.2045747621623875        5.7800000E-02     0.000000    
        zfac59   -2.4732905781712802E-02    5.7800000E-02     0.000000    
        zfac60    6.3844747575865057E-02    5.7800000E-02     0.000000    
        zfac61   -0.1261128678598270        5.7800000E-02     0.000000    
        zfac62   -0.1884695855947751        5.7800000E-02     0.000000    
        zfac63   -9.9073831276816626E-03    5.7800000E-02     0.000000    
        zfac64   -0.2850054389535641        5.7800000E-02     0.000000    
        zfac65    0.2483246309675900        5.7800000E-02     0.000000    
        zfac66    0.7970036202491609        5.7800000E-02     0.000000    
        zfac67     1.004155530276293        5.7800000E-02     0.000000    
        zfac68   -5.8574661254134956E-02    5.7800000E-02     0.000000    
        zfac69    0.5688336946764101        5.7800000E-02     0.000000    
        zfac70   -0.1523498236208997        5.7800000E-02     0.000000    
        zfac71   -2.1229190202923878E-02    5.7800000E-02     0.000000    
        zfac72   -0.1929836261109689        5.7800000E-02     0.000000    
        zfac73    9.8000056983449824E-02    5.7800000E-02     0.000000    
        zfac74    0.1613214071487872        5.7800000E-02     0.000000    
        zfac75    0.6855380630311781        5.7800000E-02     0.000000    
        zfac76    0.2280980807646938        5.7800000E-02     0.000000    
        zfac77   -0.4205669159487370        5.7800000E-02     0.000000    
        zfac78   -0.1870037220511938        5.7800000E-02     0.000000    
        zfac79   -0.6647015796466090        5.7800000E-02     0.000000    
        zfac80   -0.6276803535041696        5.7800000E-02     0.000000    
        zfac81   -0.6201811378136332        5.7800000E-02     0.000000    
        zfac82   -0.1202842840828201        5.7800000E-02     0.000000    
        zfac83   -0.3178831450129931        5.7800000E-02     0.000000    
        zfac84   -0.1044138744404671        5.7800000E-02     0.000000    
        zfac85    9.3426647367565743E-02    5.7800000E-02     0.000000    
        zfac86    0.7293273328521834        5.7800000E-02     0.000000    
        zfac87   -0.3235917336195155        5.7800000E-02     0.000000    
        zfac88   -0.7958805163754672        5.7800000E-02     0.000000    
        zfac89   -0.6402356346967648        5.7800000E-02     0.000000    
        zfac90   -3.0883451657871975E-02    5.7800000E-02     0.000000    
        zfac91   -0.1018718077381315        5.7800000E-02     0.000000    
        zfac92   -9.7139224886885811E-02    5.7800000E-02     0.000000    
        zfac93    0.1853444287142526        5.7800000E-02     0.000000    
        zfac94    0.4217026376089827        5.7800000E-02     0.000000    
        zfac95    0.2589663903748634        5.7800000E-02     0.000000    
        zfac96   -9.9150232685467129E-03    5.7800000E-02     0.000000    
        zfac97    0.3903919311016540        5.7800000E-02     0.000000    
        zfac98   -0.1843048025200865        5.7800000E-02     0.000000    
        zfac99   -0.4980054427743945        5.7800000E-02     0.000000    
       zfac100    2.4298481814174742E-02    5.7800000E-02     0.000000    
       zfac101    0.4597858979603824        5.7800000E-02     0.000000    
       zfac102   -0.2972023939160034        5.7800000E-02     0.000000    
       zfac103   -0.2577369181553633        5.7800000E-02     0.000000    
       zfac104    3.4195885503662628E-02    5.7800000E-02     0.000000    
       zfac105    0.1645611891109101        5.7800000E-02     0.000000    
       zfac106   -0.1996333478629758        5.7800000E-02     0.000000    
       zfac107   -0.2808820486309343        5.7800000E-02     0.000000    
       zfac108   -0.1506170686572491        5.7800000E-02     0.000000    
       zfac109    1.1243861854603807E-02    5.7800000E-02     0.000000    
       zfac110   -4.4039645058304495E-02    5.7800000E-02     0.000000    
       zfac111    2.0130240766025952E-02    5.7800000E-02     0.000000    
       zfac112    4.9826244071378901E-02    5.7800000E-02     0.000000    
       zfac113    0.6044602886233356        5.7800000E-02     0.000000    
       zfac114   -0.2188094656487889        5.7800000E-02     0.000000    
       zfac115   -0.1506488454549481        5.7800000E-02     0.000000    
       zfac116    0.4586943394768495        5.7800000E-02     0.000000    
       zfac117   -0.1482199941800346        5.7800000E-02     0.000000    
       zfac118   -0.1053400946771107        5.7800000E-02     0.000000    
       zfac119   -0.1322558830624568        5.7800000E-02     0.000000    
       zfac120    0.1355492670933045        5.7800000E-02     0.000000    
       zfac121   -0.1985950993676125        5.7800000E-02     0.000000    
       zfac122   -0.1999269996498097        5.7800000E-02     0.000000    
       zfac123   -0.1407219926953460        5.7800000E-02     0.000000    
       zfac124    0.2570927641135277        5.7800000E-02     0.000000    
       zfac125   -6.1602120037249138E-02    5.7800000E-02     0.000000    
       zfac126   -0.2921508208988408        5.7800000E-02     0.000000    
       zfac127    2.8376616605377162E-02    5.7800000E-02     0.000000    
       zfac128   -2.3142451780415227E-02    5.7800000E-02     0.000000    
       zfac129    0.4533723041783564        5.7800000E-02     0.000000    
       zfac130    0.3579891762348201        5.7800000E-02     0.000000    
       zfac131   -6.2945000919740493E-02    5.7800000E-02     0.000000    
       zfac132    6.3604776060055365E-02    5.7800000E-02     0.000000    
       zfac133   -8.8378685063771625E-02    5.7800000E-02     0.000000    
       zfac134    0.6433424100622526        5.7800000E-02     0.000000    
       zfac135   -0.2022901291487543        5.7800000E-02     0.000000    
       zfac136   -0.1968467776995675        5.7800000E-02     0.000000    
       zfac137   -0.4344498725264879        5.7800000E-02     0.000000    
       zfac138   -0.2544855067168685        5.7800000E-02     0.000000    
       zfac139   -0.4316715793443945        5.7800000E-02     0.000000    
       zfac140   -0.3374254753512630        5.7800000E-02     0.000000    
       zfac141   -0.2636457722454326        5.7800000E-02     0.000000    
       zfac142    0.3957000934889101        5.7800000E-02     0.000000    
       zfac143   -0.2543961648314706        5.7800000E-02     0.000000    
       zfac144   -0.4149146140354498        5.7800000E-02     0.000000    
       zfac145    0.3204879380872751        5.7800000E-02     0.000000    
       zfac146   -0.2784828273841176        5.7800000E-02     0.000000    
       zfac147   -0.9827280519928028        5.7800000E-02     0.000000    
       zfac148   -3.5144270269705888E-02    5.7800000E-02     0.000000    
       zfac149   -0.4245267976165917        5.7800000E-02     0.000000    
       zfac150   -0.1043309818105536        5.7800000E-02     0.000000    
       zfac151    0.5679655239204515        5.7800000E-02     0.000000    
       zfac152   -2.8851546446539793E-02    5.7800000E-02     0.000000    
       zfac153    0.4729397742763270        5.7800000E-02     0.000000    
       zfac154   -0.2523573306966436        5.7800000E-02     0.000000    
       zfac155   -0.5005040960665053        5.7800000E-02     0.000000    
       zfac156    8.4896881335256053E-02    5.7800000E-02     0.000000    
       zfac157   -0.1243669249771626        5.7800000E-02     0.000000    
       zfac158   -9.9344758198771629E-02    5.7800000E-02     0.000000    
       zfac159   -0.2284706307405536        5.7800000E-02     0.000000    
       zfac160    0.8307239546754447        5.7800000E-02     0.000000    
       zfac161   -4.0555884201072666E-02    5.7800000E-02     0.000000    
       zfac162   -0.3420134143450865        5.7800000E-02     0.000000    
       zfac163    0.1549899263153789        5.7800000E-02     0.000000    
       zfac164    0.1289950837641003        5.7800000E-02     0.000000    
       zfac165    0.2757557474059741        5.7800000E-02     0.000000    
       zfac166   -0.3496363688885467        5.7800000E-02     0.000000    
       zfac167    0.3786148396030035        5.7800000E-02     0.000000    
       zfac168   -0.1928818210769204        5.7800000E-02     0.000000    
       zfac169    5.1057077674098617E-02    5.7800000E-02     0.000000    
       zfac170   -0.3787641675107439        5.7800000E-02     0.000000    
       zfac171    0.1227134175785311        5.7800000E-02     0.000000    
       zfac172   -0.2890568508927163        5.7800000E-02     0.000000    
       zfac173   -0.3338305589139793        5.7800000E-02     0.000000    
       zfac174   -0.2319688524817993        5.7800000E-02     0.000000    
       zfac175    0.4407202292819776        5.7800000E-02     0.000000    
       zfac176   -0.3176969235068858        5.7800000E-02     0.000000    
       zfac177    9.5752361610980968E-02    5.7800000E-02     0.000000    
       zfac178    0.5052000279177647        5.7800000E-02     0.000000    
       zfac179    8.3919323605397920E-03    5.7800000E-02     0.000000    
       zfac180   -0.2450189410125952        5.7800000E-02     0.000000    
       zfac181   -5.6664752596557094E-02    5.7800000E-02     0.000000    
       zfac182   -0.4906974819732353        5.7800000E-02     0.000000    
       zfac183   -0.5429379635640659        5.7800000E-02     0.000000    
       zfac184    0.4257403399371177        5.7800000E-02     0.000000    
       zfac185    9.5543984015050182E-02    5.7800000E-02     0.000000    
       zfac186    3.2674394869641868E-02    5.7800000E-02     0.000000    
       zfac187    0.5489371107778998        5.7800000E-02     0.000000    
       zfac188   -0.1149715734257959        5.7800000E-02     0.000000    
       zfac189   -0.1639601592608824        5.7800000E-02     0.000000    
       zfac190    0.1294530301072353        5.7800000E-02     0.000000    
       zfac191   -0.2257994571002249        5.7800000E-02     0.000000    
       zfac192   -1.5936717249152250E-02    5.7800000E-02     0.000000    
       zfac193   -8.6810034531955030E-02    5.7800000E-02     0.000000    
       zfac194     1.166901065098967        5.7800000E-02     0.000000    
       zfac195    7.7425524116609010E-02    5.7800000E-02     0.000000    
       zfac196   -0.5792151259267301        5.7800000E-02     0.000000    
       zfac197   -0.4932469264972492        5.7800000E-02     0.000000    
       zfac198   -0.5367632895226297        5.7800000E-02     0.000000    
       zfac199   -0.4650344765234602        5.7800000E-02     0.000000    
       zfac200    7.9375868648615927E-02    5.7800000E-02     0.000000    
       zfac201    3.3898742485920418E-02    5.7800000E-02     0.000000    
       zfac202   -0.5034021088799135        5.7800000E-02     0.000000    
       zfac203    0.6189885984095208        5.7800000E-02     0.000000    
       zfac204    0.2634250221564758        5.7800000E-02     0.000000    
       zfac205   -0.3221171076935294        5.7800000E-02     0.000000    
       zfac206    1.2794622119960209E-02    5.7800000E-02     0.000000    
       zfac207    4.2839927614674742E-02    5.7800000E-02     0.000000    
       zfac208   -0.2383323102623011        5.7800000E-02     0.000000    
       zfac209   -0.3099240372796194        5.7800000E-02     0.000000    
       zfac210    0.4263882914915346        5.7800000E-02     0.000000    
       zfac211    0.5911036862799273        5.7800000E-02     0.000000    
       zfac212   -0.2396997217011073        5.7800000E-02     0.000000    
       zfac213   -0.2831355049296540        5.7800000E-02     0.000000    
       zfac214   -0.4528118833323703        5.7800000E-02     0.000000    
       zfac215    0.4833156962083201        5.7800000E-02     0.000000    
       zfac216   -0.3768109516815571        5.7800000E-02     0.000000    
       zfac217    4.1365163783520766E-02    5.7800000E-02     0.000000    
       zfac218    5.6060737205489618E-02    5.7800000E-02     0.000000    
       zfac219   -0.6181427751676990        5.7800000E-02     0.000000    
       zfac220    0.5021079970784810        5.7800000E-02     0.000000    
       zfac221   -9.4199557964878888E-02    5.7800000E-02     0.000000    
       zfac222   -0.7120706976923010        5.7800000E-02     0.000000    
       zfac223    0.3749209727512491        5.7800000E-02     0.000000    
       zfac224    0.1894084363177232        5.7800000E-02     0.000000    
       zfac225   -0.5493891019374222        5.7800000E-02     0.000000    
       zfac226   -1.5487049058442906E-02    5.7800000E-02     0.000000    
       zfac227    0.3772969038571644        5.7800000E-02     0.000000    
       zfac228     1.010533558830713        5.7800000E-02     0.000000    
       zfac229    0.1171550042643356        5.7800000E-02     0.000000    
       zfac230   -4.0868912914377158E-02    5.7800000E-02     0.000000    
       zfac231    0.4437102389236073        5.7800000E-02     0.000000    
       zfac232   -0.2885858713379239        5.7800000E-02     0.000000    
       zfac233   -0.4380790380706229        5.7800000E-02     0.000000    
       zfac234    0.2018447933979325        5.7800000E-02     0.000000    
       zfac235    0.1753461647778253        5.7800000E-02     0.000000    
       zfac236    0.2658843156327094        5.7800000E-02     0.000000    
       zfac237   -0.1263465811388408        5.7800000E-02     0.000000    
       zfac238   -0.4207603584923011        5.7800000E-02     0.000000    
       zfac239    0.5548241154746142        5.7800000E-02     0.000000    
       zfac240    0.5186660599888477        5.7800000E-02     0.000000    
       zfac241    0.9222524012196470        5.7800000E-02     0.000000    
       zfac242   -0.1763042992939100        5.7800000E-02     0.000000    
       zfac243   -0.1977381973819550        5.7800000E-02     0.000000    
       zfac244    0.3622116436130052        5.7800000E-02     0.000000    
       zfac245   -0.3155811278024740        5.7800000E-02     0.000000    
       zfac246   -7.2725965850605548E-02    5.7800000E-02     0.000000    
       zfac247    0.1352887470521713        5.7800000E-02     0.000000    
       zfac248   -0.3419955349000692        5.7800000E-02     0.000000    
       zfac249    0.1231572155417059        5.7800000E-02     0.000000    
       zfac250   -6.0106011436522493E-02    5.7800000E-02     0.000000    
       zfac251   -0.1901813244165225        5.7800000E-02     0.000000    
       zfac252    0.9214346206441921        5.7800000E-02     0.000000    
       zfac253    0.7770950857640917        5.7800000E-02     0.000000    
       zfac254    0.3134381370925190        5.7800000E-02     0.000000    
       zfac255   -4.3369007838269892E-02    5.7800000E-02     0.000000    
       zfac256    2.4182650076302766E-02    5.7800000E-02     0.000000    
       zfac257   -0.1011111474957786        5.7800000E-02     0.000000    
       zfac258    0.1240697375251661        5.7800000E-02     0.000000    
       zfac259    0.3589355284047889        5.7800000E-02     0.000000    
       zfac260    0.2934788828480225        5.7800000E-02     0.000000    
       zfac261   -0.1684497444257267        5.7800000E-02     0.000000    
       zfac262   -3.1559261634411764E-02    5.7800000E-02     0.000000    
       zfac263   -0.2910405089935986        5.7800000E-02     0.000000    
       zfac264   -0.3254907808080796        5.7800000E-02     0.000000    
       zfac265    0.4650990174052007        5.7800000E-02     0.000000    
       zfac266    0.5012688613913201        5.7800000E-02     0.000000    
       zfac267   -0.1041640618204325        5.7800000E-02     0.000000    
       zfac268   -3.4842917139273358E-02    5.7800000E-02     0.000000    
       zfac269   -0.2888766316444118        5.7800000E-02     0.000000    
       zfac270   -0.4994543564312284        5.7800000E-02     0.000000    
       zfac271    6.3090711204607269E-02    5.7800000E-02     0.000000    
       zfac272    0.2354996111671540        5.7800000E-02     0.000000    
       zfac273    0.1520936999522612        5.7800000E-02     0.000000    
       zfac274    2.4568666977323531E-02    5.7800000E-02     0.000000    
       zfac275   -0.2773197808768858        5.7800000E-02     0.000000    
       zfac276    0.2298738222261384        5.7800000E-02     0.000000    
       zfac277   -0.1388002074850173        5.7800000E-02     0.000000    
       zfac278   -0.1088963934091003        5.7800000E-02     0.000000    
       zfac279    0.2544450368482059        5.7800000E-02     0.000000    
       zfac280    0.4424598578651696        5.7800000E-02     0.000000    
       zfac281   -0.3285019209606229        5.7800000E-02     0.000000    
       zfac282    0.6230262981377734        5.7800000E-02     0.000000    
       zfac283   -5.4588997195795852E-02    5.7800000E-02     0.000000    
       zfac284   -0.5730923921522318        5.7800000E-02     0.000000    
       zfac285   -0.3628607400161419        5.7800000E-02     0.000000    
       zfac286    3.4866304206927337E-02    5.7800000E-02     0.000000    
       zfac287   -0.2533424876132353        5.7800000E-02     0.000000    
       zfac288    4.0899362561394460E-02    5.7800000E-02     0.000000    
       zfac289   -6.6988965225086503E-03    5.7800000E-02     0.000000    
       zfac290    0.6979560703990675        5.7800000E-02     0.000000    
       zfac291   -6.8461828581176484E-02    5.7800000E-02     0.000000    
       zfac292   -0.5547912700372492        5.7800000E-02     0.000000    
       zfac293   -0.3780231332803634        5.7800000E-02     0.000000    
       zfac294   -0.2587665227742560        5.7800000E-02     0.000000    
       zfac295    0.2922377270103720        5.7800000E-02     0.000000    
       zfac296   -0.3732614602525259        5.7800000E-02     0.000000    
       zfac297    0.1131049255177613        5.7800000E-02     0.000000    
       zfac298   -0.1298117643067647        5.7800000E-02     0.000000    
       zfac299   -0.3301362136314360        5.7800000E-02     0.000000    
       zfac300   -0.1099228152644464        5.7800000E-02     0.000000    
         z_aa1    2.8325151383247999E-02     1.000000         0.000000    
         z_aa2   -0.5014613634216774         1.000000         0.000000    
         z_aa3    0.1185959891088549         1.000000         0.000000    
         z_aa4   -6.0682563892305280E-02     1.000000         0.000000    
         z_aa5    6.4719932446399203E-02     1.000000         0.000000    
         z_aa6    0.1489406182136676         1.000000         0.000000    
         z_aa7    0.1097693134435114         1.000000         0.000000    
         z_aa8   -0.2217222386045540         1.000000         0.000000    
         z_aa9   -6.8273796913368170E-02     1.000000         0.000000    
        z_aa10    0.2704621847269673         1.000000         0.000000    
        z_aa11    9.3083149193238665E-02     1.000000         0.000000    
        z_aa12    6.1526905152014047E-02     1.000000         0.000000    
        z_aa13    0.1995745482549986         1.000000         0.000000    
        z_aa14    0.2460836525088654         1.000000         0.000000    
        z_aa15   -0.1470521505246601         1.000000         0.000000    
        z_aa16    9.3039383488614472E-02     1.000000         0.000000    
        z_aa17   -0.5949042386787242         1.000000         0.000000    
        z_aa18    6.9936318310166487E-02     1.000000         0.000000    
        z_aa19    0.7482894084828573         1.000000         0.000000    
        z_aa20    0.1110716816383625         1.000000         0.000000    
        z_aa21   -3.4675386302316827E-02     1.000000         0.000000    
        z_aa22    0.1877120841132085         1.000000         0.000000    
        z_aa23   -3.4567965454863972E-03     1.000000         0.000000    
        z_aa24   -5.0315619657588732E-02     1.000000         0.000000    
        z_aa25    2.3103244321323341E-02     1.000000         0.000000    
        z_aa26    2.1058001850563779E-03     1.000000         0.000000    
        z_aa27    6.3194268405581552E-02     1.000000         0.000000    
        z_aa28    0.4114578555927636         1.000000         0.000000    
        z_aa29    0.2257057456858193         1.000000         0.000000    
        z_aa30    0.2134518903354764         1.000000         0.000000    
        z_aa31   -0.5320963166698383         1.000000         0.000000    
        z_aa32    2.7551399039402399E-02     1.000000         0.000000    
        z_aa33    7.8535967564525799E-02     1.000000         0.000000    
        z_aa34    0.1622727077243118         1.000000         0.000000    
        z_aa35   -0.1262800265484622         1.000000         0.000000    
        z_aa36   -0.4098589365520679         1.000000         0.000000    
        z_aa37    6.6632029189488615E-02     1.000000         0.000000    
        z_aa38   -4.9804171535685907E-02     1.000000         0.000000    
        z_aa39    0.2151966257465593         1.000000         0.000000    
        z_aa40    5.7986807127565987E-02     1.000000         0.000000    
        z_aa41   -9.9528464695826366E-02     1.000000         0.000000    
        z_aa42   -2.8842471003125779E-02     1.000000         0.000000    
        z_aa43    8.1485416293662571E-02     1.000000         0.000000    
        z_aa44   -0.2042842583355612         1.000000         0.000000    
        z_aa45   -6.7481217899720974E-02     1.000000         0.000000    
        z_aa46    8.4829354826867168E-02     1.000000         0.000000    
        z_aa47   -7.8621518205294103E-02     1.000000         0.000000    
        z_aa48    0.1568970692357867         1.000000         0.000000    
        z_aa49    8.6694671888408598E-02     1.000000         0.000000    
        z_aa50    0.1065276899700017         1.000000         0.000000    
        z_aa51   -0.1236228217112444         1.000000         0.000000    
        z_aa52   -4.6073750370890357E-02     1.000000         0.000000    
        z_aa53    0.3757300675705908         1.000000         0.000000    
        z_aa54    0.2181524679811924         1.000000         0.000000    
        z_aa55   -9.7844252220684158E-02     1.000000         0.000000    
        z_aa56   -3.5877826143312842E-02     1.000000         0.000000    
        z_aa57    6.2279057996787499E-02     1.000000         0.000000    
        z_aa58   -3.9307734027716652E-02     1.000000         0.000000    
        z_aa59    0.1060371819112519         1.000000         0.000000    
        z_aa60    0.2291311422825232         1.000000         0.000000    
        z_aa61   -6.0683372315795132E-02     1.000000         0.000000    
        z_aa62   -4.5358783354651322E-02     1.000000         0.000000    
        z_aa63    0.1757564609781293         1.000000         0.000000    
        z_aa64   -0.2726039461557044         1.000000         0.000000    
        z_aa65   -5.4169751489753802E-02     1.000000         0.000000    
        z_aa66   -7.8055585092234619E-02     1.000000         0.000000    
        z_aa67   -0.6409143408542274         1.000000         0.000000    
        z_aa68    0.2044984060656936         1.000000         0.000000    
        z_aa69    0.1558274214333382         1.000000         0.000000    
        z_aa70    0.2945291366352196         1.000000         0.000000    
        z_aa71   -0.2332404035636850         1.000000         0.000000    
        z_aa72    3.1182190620969160E-02     1.000000         0.000000    
        z_aa73   -0.2688471983877844         1.000000         0.000000    
        z_aa74   -0.7764585406696626         1.000000         0.000000    
        z_aa75   -7.6350972574490611E-02     1.000000         0.000000    
        z_aa76   -0.1276046038604711         1.000000         0.000000    
        z_aa77   -0.1146475532753893         1.000000         0.000000    
        z_aa78    0.1952969971343418         1.000000         0.000000    
        z_aa79    0.1648513198640618         1.000000         0.000000    
        z_aa80    0.3241699250789543         1.000000         0.000000    
        z_aa81   -2.6447290312858640E-02     1.000000         0.000000    
        z_aa82   -0.1803587631691586         1.000000         0.000000    
        z_aa83   -5.4959191956523303E-02     1.000000         0.000000    
        z_aa84   -0.1093369563548720         1.000000         0.000000    
        z_aa85   -1.0530370524463640E-02     1.000000         0.000000    
        z_aa86   -6.0592800342488477E-02     1.000000         0.000000    
        z_aa87   -1.6816865368740819E-02     1.000000         0.000000    
        z_aa88    0.1631404141612032         1.000000         0.000000    
        z_aa89    9.2326674482635207E-02     1.000000         0.000000    
        z_aa90    0.2480093522594540         1.000000         0.000000    
        z_aa91    0.1205780827664212         1.000000         0.000000    
        z_aa92   -9.8714353974994375E-03     1.000000         0.000000    
        z_aa93    0.1367398456101026         1.000000         0.000000    
        z_aa94   -0.1135142340170249         1.000000         0.000000    
        z_aa95   -0.2861206949826918         1.000000         0.000000    
        z_aa96   -0.3941714918761652         1.000000         0.000000    
        z_aa97    0.2498178611342362         1.000000         0.000000    
        z_aa98    0.2392929043453562         1.000000         0.000000    
        z_aa99    0.1833330298294492         1.000000         0.000000    
       z_aa100    0.3910173959076105         1.000000         0.000000    
        sill_m     4.000000000000000         1.000000         0.000000    
       range_m     18.28614639730000        1.0000000E-02     0.000000    
          af_m     110.8593056230000        1.0000000E-02     0.000000    
          aa_m   -0.1629247556400000         1.000000         0.000000    
