  double point
           k_m     1.000000000000000         1.000000         0.000000    
         zfac1    0.6318679690675814        5.7800000E-02     0.000000    
         zfac2    0.1826293996586540        5.7800000E-02     0.000000    
         zfac3   -6.6778191304290663E-02    5.7800000E-02     0.000000    
         zfac4   -0.3373731687548443        5.7800000E-02     0.000000    
         zfac5   -0.1949503621328201        5.7800000E-02     0.000000    
         zfac6   -1.5941106960830450E-02    5.7800000E-02     0.000000    
         zfac7   -0.3151187786517128        5.7800000E-02     0.000000    
         zfac8    0.1838437119466419        5.7800000E-02     0.000000    
         zfac9   -0.4666208872876298        5.7800000E-02     0.000000    
        zfac10   -0.2806685076432007        5.7800000E-02     0.000000    
        zfac11    0.5680809899565484        5.7800000E-02     0.000000    
        zfac12   -7.5603367922301046E-02    5.7800000E-02     0.000000    
        zfac13    0.1819371083575796        5.7800000E-02     0.000000    
        zfac14    0.1692781620570381        5.7800000E-02     0.000000    
        zfac15    4.9698371319878898E-03    5.7800000E-02     0.000000    
        zfac16   -0.4113256560700692        5.7800000E-02     0.000000    
        zfac17   -0.1991225940673529        5.7800000E-02     0.000000    
        zfac18    8.9776018129491361E-02    5.7800000E-02     0.000000    
        zfac19   -1.5205886554065745E-02    5.7800000E-02     0.000000    
        zfac20   -0.1770881480891177        5.7800000E-02     0.000000    
        zfac21   -6.9376599532543243E-02    5.7800000E-02     0.000000    
        zfac22    0.1866295838537872        5.7800000E-02     0.000000    
        zfac23    0.4143760510721713        5.7800000E-02     0.000000    
        zfac24    0.1069562317840865        5.7800000E-02     0.000000    
        zfac25   -0.2790419060989792        5.7800000E-02     0.000000    
        zfac26   -0.4860927753417820        5.7800000E-02     0.000000    
        zfac27   -0.2035293677501038        5.7800000E-02     0.000000    
        zfac28    0.5232520280425053        5.7800000E-02     0.000000    
        zfac29    8.5807616341832191E-02    5.7800000E-02     0.000000    
        zfac30   -0.1344475419434429        5.7800000E-02     0.000000    
        zfac31   -7.6295330661038052E-02    5.7800000E-02     0.000000    
        zfac32    0.7288204125782681        5.7800000E-02     0.000000    
        zfac33   -0.3071273513388754        5.7800000E-02     0.000000    
        zfac34    0.1902479035150658        5.7800000E-02     0.000000    
        zfac35    0.3265338106057457        5.7800000E-02     0.000000    
        zfac36    0.2090778082345381        5.7800000E-02     0.000000    
        zfac37   -0.3920329769161592        5.7800000E-02     0.000000    
        zfac38    9.1468886589219728E-02    5.7800000E-02     0.000000    
        zfac39   -0.3360465152903633        5.7800000E-02     0.000000    
        zfac40   -0.2796954093203287        5.7800000E-02     0.000000    
        zfac41   -0.8248677738216610        5.7800000E-02     0.000000    
        zfac42    7.1394928532723181E-02    5.7800000E-02     0.000000    
        zfac43     1.243091907565709        5.7800000E-02     0.000000    
        zfac44    0.4080292348736367        5.7800000E-02     0.000000    
        zfac45   -0.2207792410872146        5.7800000E-02     0.000000    
        zfac46    6.5530288813740484E-02    5.7800000E-02     0.000000    
        zfac47   -0.5177526877230104        5.7800000E-02     0.000000    
        zfac48   -9.9753450618633221E-02    5.7800000E-02     0.000000    
        zfac49   -0.3355877465307440        5.7800000E-02     0.000000    
        zfac50     1.495577174599209        5.7800000E-02     0.000000    
        zfac51   -0.6820966969318513        5.7800000E-02     0.000000    
        zfac52    1.1343452468548443E-02    5.7800000E-02     0.000000    
        zfac53    0.3981222359337336        5.7800000E-02     0.000000    
        zfac54    0.1720948655787093        5.7800000E-02     0.000000    
        zfac55   -0.3199471197971973        5.7800000E-02     0.000000    
        zfac56   -0.3900173065637024        5.7800000E-02     0.000000    
        zfac57   -1.6468901858148789E-02    5.7800000E-02     0.000000    
        zfac58   -0.1974601844881315        5.7800000E-02     0.000000    
        zfac59   -3.0753793866920415E-02    5.7800000E-02     0.000000    
        zfac60    6.4145880657271628E-02    5.7800000E-02     0.000000    
        zfac61   -0.1267711289564014        5.7800000E-02     0.000000    
        zfac62   -0.1917078381690312        5.7800000E-02     0.000000    
        zfac63   -1.3455856916401384E-02    5.7800000E-02     0.000000    
        zfac64   -0.2902803323826816        5.7800000E-02     0.000000    
        zfac65    0.2499659575131402        5.7800000E-02     0.000000    
        zfac66    0.7997433062478634        5.7800000E-02     0.000000    
        zfac67     1.005242873953886        5.7800000E-02     0.000000    
        zfac68   -5.7883789688460210E-02    5.7800000E-02     0.000000    
        zfac69    0.5694186418632734        5.7800000E-02     0.000000    
        zfac70   -0.1481860158977682        5.7800000E-02     0.000000    
        zfac71   -2.5251282758235297E-02    5.7800000E-02     0.000000    
        zfac72   -0.1924644415427509        5.7800000E-02     0.000000    
        zfac73    0.1014022391259844        5.7800000E-02     0.000000    
        zfac74    0.1643920539372059        5.7800000E-02     0.000000    
        zfac75    0.6871748279065035        5.7800000E-02     0.000000    
        zfac76    0.2211179660695606        5.7800000E-02     0.000000    
        zfac77   -0.4193788748222145        5.7800000E-02     0.000000    
        zfac78   -0.1883596355609516        5.7800000E-02     0.000000    
        zfac79   -0.6666848738536333        5.7800000E-02     0.000000    
        zfac80   -0.6303922421908131        5.7800000E-02     0.000000    
        zfac81   -0.6199080473447233        5.7800000E-02     0.000000    
        zfac82   -0.1191671382496367        5.7800000E-02     0.000000    
        zfac83   -0.3148326792970070        5.7800000E-02     0.000000    
        zfac84   -0.1048117214935294        5.7800000E-02     0.000000    
        zfac85    9.4924710467115911E-02    5.7800000E-02     0.000000    
        zfac86    0.7328318464003081        5.7800000E-02     0.000000    
        zfac87   -0.3255717702630796        5.7800000E-02     0.000000    
        zfac88   -0.7972600739235122        5.7800000E-02     0.000000    
        zfac89   -0.6400931399143253        5.7800000E-02     0.000000    
        zfac90   -2.7036463334031143E-02    5.7800000E-02     0.000000    
        zfac91   -0.1131657251339965        5.7800000E-02     0.000000    
        zfac92   -9.3010106011366792E-02    5.7800000E-02     0.000000    
        zfac93    0.1881748134259412        5.7800000E-02     0.000000    
        zfac94    0.4241519552176523        5.7800000E-02     0.000000    
        zfac95    0.2568621628142613        5.7800000E-02     0.000000    
        zfac96   -6.4027025090830454E-03    5.7800000E-02     0.000000    
        zfac97    0.3919899130746852        5.7800000E-02     0.000000    
        zfac98   -0.1838387462643599        5.7800000E-02     0.000000    
        zfac99   -0.4992070412688928        5.7800000E-02     0.000000    
       zfac100    2.5257302510821800E-02    5.7800000E-02     0.000000    
       zfac101    0.4646040981515606        5.7800000E-02     0.000000    
       zfac102   -0.2987195666960381        5.7800000E-02     0.000000    
       zfac103   -0.2572393131021626        5.7800000E-02     0.000000    
       zfac104    3.2674478155624569E-02    5.7800000E-02     0.000000    
       zfac105    0.1646835879652232        5.7800000E-02     0.000000    
       zfac106   -0.2027000852977855        5.7800000E-02     0.000000    
       zfac107   -0.2879154150607440        5.7800000E-02     0.000000    
       zfac108   -0.1509318141959170        5.7800000E-02     0.000000    
       zfac109    1.6636762781055366E-02    5.7800000E-02     0.000000    
       zfac110   -4.1619648883010382E-02    5.7800000E-02     0.000000    
       zfac111    2.1453663081991352E-02    5.7800000E-02     0.000000    
       zfac112    5.3328249984069209E-02    5.7800000E-02     0.000000    
       zfac113    0.6075983486749222        5.7800000E-02     0.000000    
       zfac114   -0.2092557845255190        5.7800000E-02     0.000000    
       zfac115   -0.1498880549314360        5.7800000E-02     0.000000    
       zfac116    0.4666342545963824        5.7800000E-02     0.000000    
       zfac117   -0.1469268041414187        5.7800000E-02     0.000000    
       zfac118   -0.1023757725986851        5.7800000E-02     0.000000    
       zfac119   -0.1234966178429585        5.7800000E-02     0.000000    
       zfac120    0.1361841178369100        5.7800000E-02     0.000000    
       zfac121   -0.2093394387960554        5.7800000E-02     0.000000    
       zfac122   -0.2022749009724394        5.7800000E-02     0.000000    
       zfac123   -0.1398390683248789        5.7800000E-02     0.000000    
       zfac124    0.2527673597831817        5.7800000E-02     0.000000    
       zfac125   -5.8652426154221456E-02    5.7800000E-02     0.000000    
       zfac126   -0.2925376005141695        5.7800000E-02     0.000000    
       zfac127    2.7575327408603807E-02    5.7800000E-02     0.000000    
       zfac128   -3.2442350594152250E-02    5.7800000E-02     0.000000    
       zfac129    0.4562267902234031        5.7800000E-02     0.000000    
       zfac130    0.3610252604133322        5.7800000E-02     0.000000    
       zfac131   -5.9059033357404846E-02    5.7800000E-02     0.000000    
       zfac132    6.5567569281131485E-02    5.7800000E-02     0.000000    
       zfac133   -8.7503663758667818E-02    5.7800000E-02     0.000000    
       zfac134    0.6467945465099550        5.7800000E-02     0.000000    
       zfac135   -0.2056254270108651        5.7800000E-02     0.000000    
       zfac136   -0.1931480977253287        5.7800000E-02     0.000000    
       zfac137   -0.4380935067951212        5.7800000E-02     0.000000    
       zfac138   -0.2295110235807786        5.7800000E-02     0.000000    
       zfac139   -0.4314681403968859        5.7800000E-02     0.000000    
       zfac140   -0.3314514276660034        5.7800000E-02     0.000000    
       zfac141   -0.2652213806844463        5.7800000E-02     0.000000    
       zfac142    0.3947275953637353        5.7800000E-02     0.000000    
       zfac143   -0.2571767535506748        5.7800000E-02     0.000000    
       zfac144   -0.4224375499622319        5.7800000E-02     0.000000    
       zfac145    0.3224520856526575        5.7800000E-02     0.000000    
       zfac146   -0.2818950899795502        5.7800000E-02     0.000000    
       zfac147   -0.9837179745860554        5.7800000E-02     0.000000    
       zfac148   -3.7968586673633224E-02    5.7800000E-02     0.000000    
       zfac149   -0.4202343817932872        5.7800000E-02     0.000000    
       zfac150   -0.1031614773520588        5.7800000E-02     0.000000    
       zfac151    0.5757317633467613        5.7800000E-02     0.000000    
       zfac152   -2.7380075677837370E-02    5.7800000E-02     0.000000    
       zfac153    0.4824617554516868        5.7800000E-02     0.000000    
       zfac154   -0.2523886140229239        5.7800000E-02     0.000000    
       zfac155   -0.5027705500204153        5.7800000E-02     0.000000    
       zfac156    8.8907474335911771E-02    5.7800000E-02     0.000000    
       zfac157   -0.1217353862508131        5.7800000E-02     0.000000    
       zfac158   -9.9273567746487892E-02    5.7800000E-02     0.000000    
       zfac159   -0.2329149305098962        5.7800000E-02     0.000000    
       zfac160    0.8346332903026592        5.7800000E-02     0.000000    
       zfac161   -3.7744988630449831E-02    5.7800000E-02     0.000000    
       zfac162   -0.3278746937839619        5.7800000E-02     0.000000    
       zfac163    0.1520361083537647        5.7800000E-02     0.000000    
       zfac164    0.1400006491926246        5.7800000E-02     0.000000    
       zfac165    0.2748377350762838        5.7800000E-02     0.000000    
       zfac166   -0.3471358464148270        5.7800000E-02     0.000000    
       zfac167    0.3851134320886955        5.7800000E-02     0.000000    
       zfac168   -0.2018577806813322        5.7800000E-02     0.000000    
       zfac169    5.0647331965309690E-02    5.7800000E-02     0.000000    
       zfac170   -0.3804074336013148        5.7800000E-02     0.000000    
       zfac171    0.1227408443176834        5.7800000E-02     0.000000    
       zfac172   -0.2891864234174913        5.7800000E-02     0.000000    
       zfac173   -0.3325465214611592        5.7800000E-02     0.000000    
       zfac174   -0.2220304039615571        5.7800000E-02     0.000000    
       zfac175    0.4288498272526627        5.7800000E-02     0.000000    
       zfac176   -0.3164484031343945        5.7800000E-02     0.000000    
       zfac177    9.6968120580619377E-02    5.7800000E-02     0.000000    
       zfac178    0.5073835839694861        5.7800000E-02     0.000000    
       zfac179   -1.4441194474013842E-03    5.7800000E-02     0.000000    
       zfac180   -0.2478636028846713        5.7800000E-02     0.000000    
       zfac181   -5.8864870725432533E-02    5.7800000E-02     0.000000    
       zfac182   -0.5020965843579239        5.7800000E-02     0.000000    
       zfac183   -0.5550454595036333        5.7800000E-02     0.000000    
       zfac184    0.4244853581732059        5.7800000E-02     0.000000    
       zfac185    9.1275397858342558E-02    5.7800000E-02     0.000000    
       zfac186    3.4028415201683399E-02    5.7800000E-02     0.000000    
       zfac187    0.5504802252336869        5.7800000E-02     0.000000    
       zfac188   -0.1173479774112111        5.7800000E-02     0.000000    
       zfac189   -0.1739405909319723        5.7800000E-02     0.000000    
       zfac190    0.1248560395863668        5.7800000E-02     0.000000    
       zfac191   -0.2224971923725952        5.7800000E-02     0.000000    
       zfac192   -1.7145157531072666E-02    5.7800000E-02     0.000000    
       zfac193   -7.7292053106211081E-02    5.7800000E-02     0.000000    
       zfac194     1.170524512675402        5.7800000E-02     0.000000    
       zfac195    7.7738354453474059E-02    5.7800000E-02     0.000000    
       zfac196   -0.5894753997995675        5.7800000E-02     0.000000    
       zfac197   -0.4943072545965225        5.7800000E-02     0.000000    
       zfac198   -0.5402090539311073        5.7800000E-02     0.000000    
       zfac199   -0.4658699583688409        5.7800000E-02     0.000000    
       zfac200    5.9452649996955022E-02    5.7800000E-02     0.000000    
       zfac201    3.2246774376441176E-02    5.7800000E-02     0.000000    
       zfac202   -0.5070887200091696        5.7800000E-02     0.000000    
       zfac203    0.6199522317503997        5.7800000E-02     0.000000    
       zfac204    0.2612881678465277        5.7800000E-02     0.000000    
       zfac205   -0.3223057068945848        5.7800000E-02     0.000000    
       zfac206    1.6582613244434257E-02    5.7800000E-02     0.000000    
       zfac207    4.9944612489133219E-02    5.7800000E-02     0.000000    
       zfac208   -0.2301286278288409        5.7800000E-02     0.000000    
       zfac209   -0.3102776027329239        5.7800000E-02     0.000000    
       zfac210    0.4319927586158357        5.7800000E-02     0.000000    
       zfac211    0.5899797897970434        5.7800000E-02     0.000000    
       zfac212   -0.2410403718986852        5.7800000E-02     0.000000    
       zfac213   -0.2827129562228720        5.7800000E-02     0.000000    
       zfac214   -0.4470367246391523        5.7800000E-02     0.000000    
       zfac215    0.4745616054827422        5.7800000E-02     0.000000    
       zfac216   -0.3726460068610727        5.7800000E-02     0.000000    
       zfac217    3.5268020973515571E-02    5.7800000E-02     0.000000    
       zfac218    5.7318843696439449E-02    5.7800000E-02     0.000000    
       zfac219   -0.6157410191310035        5.7800000E-02     0.000000    
       zfac220    0.5100221778148547        5.7800000E-02     0.000000    
       zfac221   -9.4364060500570932E-02    5.7800000E-02     0.000000    
       zfac222   -0.7082572872897751        5.7800000E-02     0.000000    
       zfac223    0.3770003928209117        5.7800000E-02     0.000000    
       zfac224    0.1802013897236246        5.7800000E-02     0.000000    
       zfac225   -0.5503667017098270        5.7800000E-02     0.000000    
       zfac226   -1.6478404185501731E-02    5.7800000E-02     0.000000    
       zfac227    0.3786899392796211        5.7800000E-02     0.000000    
       zfac228     1.012818533366232        5.7800000E-02     0.000000    
       zfac229    0.1163868708234048        5.7800000E-02     0.000000    
       zfac230   -4.7026808017179934E-02    5.7800000E-02     0.000000    
       zfac231    0.4388247431919152        5.7800000E-02     0.000000    
       zfac232   -0.2916292157748789        5.7800000E-02     0.000000    
       zfac233   -0.4396900675865744        5.7800000E-02     0.000000    
       zfac234    0.1987932614426903        5.7800000E-02     0.000000    
       zfac235    0.1860077111579083        5.7800000E-02     0.000000    
       zfac236    0.2611960280546696        5.7800000E-02     0.000000    
       zfac237   -0.1277489458973876        5.7800000E-02     0.000000    
       zfac238   -0.4116641951097406        5.7800000E-02     0.000000    
       zfac239    0.5567379724528824        5.7800000E-02     0.000000    
       zfac240    0.5192651081503530        5.7800000E-02     0.000000    
       zfac241    0.9220417630091401        5.7800000E-02     0.000000    
       zfac242   -0.1780267957105882        5.7800000E-02     0.000000    
       zfac243   -0.1943490575756056        5.7800000E-02     0.000000    
       zfac244    0.3642339252353599        5.7800000E-02     0.000000    
       zfac245   -0.3185060955181315        5.7800000E-02     0.000000    
       zfac246   -6.5150689771089967E-02    5.7800000E-02     0.000000    
       zfac247    0.1274363601798737        5.7800000E-02     0.000000    
       zfac248   -0.3362975611956228        5.7800000E-02     0.000000    
       zfac249    0.1189480109902543        5.7800000E-02     0.000000    
       zfac250   -6.9216533346089959E-02    5.7800000E-02     0.000000    
       zfac251   -0.1912237729021626        5.7800000E-02     0.000000    
       zfac252    0.9242029609204793        5.7800000E-02     0.000000    
       zfac253    0.7764150461698547        5.7800000E-02     0.000000    
       zfac254    0.3073096846970657        5.7800000E-02     0.000000    
       zfac255   -2.9624806782543252E-02    5.7800000E-02     0.000000    
       zfac256    2.5632924622465397E-02    5.7800000E-02     0.000000    
       zfac257   -0.1086878548410900        5.7800000E-02     0.000000    
       zfac258    0.1245964360700329        5.7800000E-02     0.000000    
       zfac259    0.3636907213713737        5.7800000E-02     0.000000    
       zfac260    0.3064634627117751        5.7800000E-02     0.000000    
       zfac261   -0.1682826099068858        5.7800000E-02     0.000000    
       zfac262   -2.7235417035363325E-02    5.7800000E-02     0.000000    
       zfac263   -0.2862614112587197        5.7800000E-02     0.000000    
       zfac264   -0.3333525389432180        5.7800000E-02     0.000000    
       zfac265    0.4683998408047907        5.7800000E-02     0.000000    
       zfac266    0.5047592201824481        5.7800000E-02     0.000000    
       zfac267   -0.1130650703258132        5.7800000E-02     0.000000    
       zfac268   -2.7028740662387547E-02    5.7800000E-02     0.000000    
       zfac269   -0.2887043830583910        5.7800000E-02     0.000000    
       zfac270   -0.4986217629765571        5.7800000E-02     0.000000    
       zfac271    4.0810647450771627E-02    5.7800000E-02     0.000000    
       zfac272    0.2476390434653703        5.7800000E-02     0.000000    
       zfac273    0.1507334948076990        5.7800000E-02     0.000000    
       zfac274    2.5093224881444637E-02    5.7800000E-02     0.000000    
       zfac275   -0.2778762449422146        5.7800000E-02     0.000000    
       zfac276    0.2327393775032492        5.7800000E-02     0.000000    
       zfac277   -0.1510745913635986        5.7800000E-02     0.000000    
       zfac278   -0.1227171594076990        5.7800000E-02     0.000000    
       zfac279    0.2553269534906505        5.7800000E-02     0.000000    
       zfac280    0.4448583522190104        5.7800000E-02     0.000000    
       zfac281   -0.3295612876991004        5.7800000E-02     0.000000    
       zfac282    0.6243662150415727        5.7800000E-02     0.000000    
       zfac283   -4.6634646856972321E-02    5.7800000E-02     0.000000    
       zfac284   -0.5770432490976645        5.7800000E-02     0.000000    
       zfac285   -0.3637650412559342        5.7800000E-02     0.000000    
       zfac286    3.0281378808162632E-02    5.7800000E-02     0.000000    
       zfac287   -0.2548348247682180        5.7800000E-02     0.000000    
       zfac288    4.4211821519044979E-02    5.7800000E-02     0.000000    
       zfac289   -8.4469099733910039E-03    5.7800000E-02     0.000000    
       zfac290    0.7000270428192682        5.7800000E-02     0.000000    
       zfac291   -4.7360828617197231E-02    5.7800000E-02     0.000000    
       zfac292   -0.5526897455030104        5.7800000E-02     0.000000    
       zfac293   -0.3737820955434083        5.7800000E-02     0.000000    
       zfac294   -0.2284649560847751        5.7800000E-02     0.000000    
       zfac295    0.2916998259586557        5.7800000E-02     0.000000    
       zfac296   -0.3728215352561419        5.7800000E-02     0.000000    
       zfac297    0.1067343054663685        5.7800000E-02     0.000000    
       zfac298   -0.1257127427067647        5.7800000E-02     0.000000    
       zfac299   -0.3357505812501211        5.7800000E-02     0.000000    
       zfac300   -0.1102801430337543        5.7800000E-02     0.000000    
         z_aa1   -6.4930213949761340E-02     1.000000         0.000000    
         z_aa2   -0.5192305357095726         1.000000         0.000000    
         z_aa3   -7.5894982456095536E-03     1.000000         0.000000    
         z_aa4   -5.4234767644095620E-02     1.000000         0.000000    
         z_aa5    5.9212233325943400E-02     1.000000         0.000000    
         z_aa6    0.1501920030806256         1.000000         0.000000    
         z_aa7    0.1031270145768910         1.000000         0.000000    
         z_aa8   -0.2197163868257508         1.000000         0.000000    
         z_aa9   -5.2986037907143457E-02     1.000000         0.000000    
        z_aa10    0.2303549431688726         1.000000         0.000000    
        z_aa11    0.1033045051022931         1.000000         0.000000    
        z_aa12   -1.5647266794011641E-02     1.000000         0.000000    
        z_aa13    0.2053930964641600         1.000000         0.000000    
        z_aa14    0.2534232474229065         1.000000         0.000000    
        z_aa15   -0.1566187770195177         1.000000         0.000000    
        z_aa16    0.1143358585374696         1.000000         0.000000    
        z_aa17   -0.6034073990078873         1.000000         0.000000    
        z_aa18    6.2910845591133829E-02     1.000000         0.000000    
        z_aa19   -1.7105915171427011E-03     1.000000         0.000000    
        z_aa20    0.1133292742695506         1.000000         0.000000    
        z_aa21    6.1288579794504111E-03     1.000000         0.000000    
        z_aa22    0.1888594524137837         1.000000         0.000000    
        z_aa23    2.0700410631253590E-02     1.000000         0.000000    
        z_aa24    1.0742741904896801E-03     1.000000         0.000000    
        z_aa25   -1.4751604090672429E-02     1.000000         0.000000    
        z_aa26    3.9461979707285579E-02     1.000000         0.000000    
        z_aa27    6.4816758176021061E-02     1.000000         0.000000    
        z_aa28    0.4202165244257822         1.000000         0.000000    
        z_aa29    0.2240790589082727         1.000000         0.000000    
        z_aa30    0.2136229972616974         1.000000         0.000000    
        z_aa31   -0.5481325444395255         1.000000         0.000000    
        z_aa32    4.8219869686299231E-02     1.000000         0.000000    
        z_aa33    0.1072656378806361         1.000000         0.000000    
        z_aa34    0.1748840324428930         1.000000         0.000000    
        z_aa35    1.5907644709939189E-02     1.000000         0.000000    
        z_aa36   -0.4161080311313082         1.000000         0.000000    
        z_aa37    7.5855294521441144E-02     1.000000         0.000000    
        z_aa38   -5.9834358846705057E-02     1.000000         0.000000    
        z_aa39    0.2209520249940840         1.000000         0.000000    
        z_aa40    3.9572778082352128E-02     1.000000         0.000000    
        z_aa41    2.5673878649756659E-02     1.000000         0.000000    
        z_aa42    2.9230763140007100E-02     1.000000         0.000000    
        z_aa43    0.1131809349500114         1.000000         0.000000    
        z_aa44   -0.2222698156097728         1.000000         0.000000    
        z_aa45    1.4092398328641099E-02     1.000000         0.000000    
        z_aa46    0.1013361982582289         1.000000         0.000000    
        z_aa47    8.6525144013020749E-03     1.000000         0.000000    
        z_aa48    0.1467315431941420         1.000000         0.000000    
        z_aa49    7.4584133471751538E-02     1.000000         0.000000    
        z_aa50    0.1016423947217668         1.000000         0.000000    
        z_aa51   -0.1568516577290380         1.000000         0.000000    
        z_aa52   -7.3046535654061384E-02     1.000000         0.000000    
        z_aa53    0.3896830139172194         1.000000         0.000000    
        z_aa54    0.2368273509713166         1.000000         0.000000    
        z_aa55   -0.1227115855515141         1.000000         0.000000    
        z_aa56   -6.6072023384776218E-02     1.000000         0.000000    
        z_aa57    8.1457347597319651E-02     1.000000         0.000000    
        z_aa58   -6.3146060261856804E-02     1.000000         0.000000    
        z_aa59    0.1000514868240395         1.000000         0.000000    
        z_aa60    0.2280930260871921         1.000000         0.000000    
        z_aa61    3.6624021209762991E-02     1.000000         0.000000    
        z_aa62   -6.9150411207905133E-02     1.000000         0.000000    
        z_aa63    0.2007468693609686         1.000000         0.000000    
        z_aa64   -0.2883525971503099         1.000000         0.000000    
        z_aa65   -8.4774539538677279E-02     1.000000         0.000000    
        z_aa66   -0.1086480457334946         1.000000         0.000000    
        z_aa67   -0.6510052194239809         1.000000         0.000000    
        z_aa68    0.2114222832760838         1.000000         0.000000    
        z_aa69    2.8936923723328879E-02     1.000000         0.000000    
        z_aa70    0.2827238598424736         1.000000         0.000000    
        z_aa71   -0.2524869073731061         1.000000         0.000000    
        z_aa72    7.8326768737538160E-03     1.000000         0.000000    
        z_aa73   -0.2792269667121965         1.000000         0.000000    
        z_aa74   -0.7871967718539732         1.000000         0.000000    
        z_aa75    1.9174675556564269E-02     1.000000         0.000000    
        z_aa76   -0.1480699688750358         1.000000         0.000000    
        z_aa77   -0.1359129865402816         1.000000         0.000000    
        z_aa78    0.2139014241716049         1.000000         0.000000    
        z_aa79    0.1818322754159107         1.000000         0.000000    
        z_aa80    0.3350811278252001         1.000000         0.000000    
        z_aa81   -4.2339760454391070E-02     1.000000         0.000000    
        z_aa82   -0.2000842989117596         1.000000         0.000000    
        z_aa83   -6.4867915651978525E-02     1.000000         0.000000    
        z_aa84   -0.1224411832997502         1.000000         0.000000    
        z_aa85   -4.5460956474016857E-02     1.000000         0.000000    
        z_aa86    1.6251720211780511E-02     1.000000         0.000000    
        z_aa87   -4.2649666290285618E-02     1.000000         0.000000    
        z_aa88    0.2000234087208861         1.000000         0.000000    
        z_aa89    0.1413556162059410         1.000000         0.000000    
        z_aa90    0.2621645382957114         1.000000         0.000000    
        z_aa91    0.1525400054795935         1.000000         0.000000    
        z_aa92   -1.6598074897788560E-03     1.000000         0.000000    
        z_aa93    0.1645491440953031         1.000000         0.000000    
        z_aa94   -0.1261112405595584         1.000000         0.000000    
        z_aa95   -0.3022144762851686         1.000000         0.000000    
        z_aa96   -0.4142564528351964         1.000000         0.000000    
        z_aa97    0.2845536423164353         1.000000         0.000000    
        z_aa98    0.2766675751467214         1.000000         0.000000    
        z_aa99    0.2243794798480900         1.000000         0.000000    
       z_aa100    0.4062014543412438         1.000000         0.000000    
        sill_m     4.000000000000000         1.000000         0.000000    
       range_m     18.30315000130000        1.0000000E-02     0.000000    
          af_m     110.9973600940000        1.0000000E-02     0.000000    
          aa_m   -0.1651180072600000         1.000000         0.000000    
