  double point
           k_m     1.000000000000000         1.000000         0.000000    
         zfac1    0.8230880000000000        5.7800000E-02     0.000000    
         zfac2   -3.9266686000000006E-03    5.7800000E-02     0.000000    
         zfac3   -0.2159940000000000        5.7800000E-02     0.000000    
         zfac4   -8.6067268000000002E-02    5.7800000E-02     0.000000    
         zfac5    0.4596452000000000        5.7800000E-02     0.000000    
         zfac6    0.3960720000000000        5.7800000E-02     0.000000    
         zfac7   -0.3639957000000000        5.7800000E-02     0.000000    
         zfac8    0.4347027000000000        5.7800000E-02     0.000000    
         zfac9   -0.5255875000000001        5.7800000E-02     0.000000    
        zfac10   -0.5599259000000001        5.7800000E-02     0.000000    
        zfac11    0.4557549000000001        5.7800000E-02     0.000000    
        zfac12    0.4158733000000001        5.7800000E-02     0.000000    
        zfac13   -4.2430174000000001E-02    5.7800000E-02     0.000000    
        zfac14   -7.2096080000000007E-02    5.7800000E-02     0.000000    
        zfac15   -0.1561389000000000        5.7800000E-02     0.000000    
        zfac16   -0.3510159000000000        5.7800000E-02     0.000000    
        zfac17   -2.0975245000000000E-02    5.7800000E-02     0.000000    
        zfac18   -4.2554438000000000E-02    5.7800000E-02     0.000000    
        zfac19    2.4291275000000001E-02    5.7800000E-02     0.000000    
        zfac20    0.3624792000000001        5.7800000E-02     0.000000    
        zfac21   -0.1880600000000000        5.7800000E-02     0.000000    
        zfac22    0.4895669000000000        5.7800000E-02     0.000000    
        zfac23    0.6968572000000001        5.7800000E-02     0.000000    
        zfac24    0.1073647000000000        5.7800000E-02     0.000000    
        zfac25   -0.1722403000000000        5.7800000E-02     0.000000    
        zfac26   -0.5180679000000000        5.7800000E-02     0.000000    
        zfac27   -0.2647424000000000        5.7800000E-02     0.000000    
        zfac28    0.5910927000000000        5.7800000E-02     0.000000    
        zfac29   -1.8126097000000000E-03    5.7800000E-02     0.000000    
        zfac30    0.1273567000000000        5.7800000E-02     0.000000    
        zfac31    0.2404395000000000        5.7800000E-02     0.000000    
        zfac32    0.5706539000000000        5.7800000E-02     0.000000    
        zfac33   -0.4291682000000001        5.7800000E-02     0.000000    
        zfac34    3.9380263000000006E-02    5.7800000E-02     0.000000    
        zfac35    8.6374646999999999E-02    5.7800000E-02     0.000000    
        zfac36    0.2927045000000000        5.7800000E-02     0.000000    
        zfac37   -0.4807010000000000        5.7800000E-02     0.000000    
        zfac38    0.3856784000000000        5.7800000E-02     0.000000    
        zfac39   -0.2269599000000000        5.7800000E-02     0.000000    
        zfac40   -0.3165548000000000        5.7800000E-02     0.000000    
        zfac41   -0.8041145000000001        5.7800000E-02     0.000000    
        zfac42   -1.6017342000000000E-02    5.7800000E-02     0.000000    
        zfac43     1.368918000000000        5.7800000E-02     0.000000    
        zfac44    0.5879634000000000        5.7800000E-02     0.000000    
        zfac45   -0.2500476000000000        5.7800000E-02     0.000000    
        zfac46   -0.4616135000000000        5.7800000E-02     0.000000    
        zfac47   -0.6059440000000000        5.7800000E-02     0.000000    
        zfac48    0.4324472000000000        5.7800000E-02     0.000000    
        zfac49   -0.3416804000000001        5.7800000E-02     0.000000    
        zfac50     1.612716000000000        5.7800000E-02     0.000000    
        zfac51   -0.7380222000000001        5.7800000E-02     0.000000    
        zfac52    0.1034682000000000        5.7800000E-02     0.000000    
        zfac53    0.3507826000000000        5.7800000E-02     0.000000    
        zfac54    4.0268008000000001E-02    5.7800000E-02     0.000000    
        zfac55   -0.3161895000000000        5.7800000E-02     0.000000    
        zfac56   -0.3921919000000000        5.7800000E-02     0.000000    
        zfac57    0.2154994000000000        5.7800000E-02     0.000000    
        zfac58   -0.2966056000000000        5.7800000E-02     0.000000    
        zfac59   -2.9097582000000000E-02    5.7800000E-02     0.000000    
        zfac60   -0.1036159000000000        5.7800000E-02     0.000000    
        zfac61   -0.2604844000000000        5.7800000E-02     0.000000    
        zfac62   -0.3576044000000000        5.7800000E-02     0.000000    
        zfac63    0.1182108000000000        5.7800000E-02     0.000000    
        zfac64    3.1335170000000002E-02    5.7800000E-02     0.000000    
        zfac65    0.3771000000000000        5.7800000E-02     0.000000    
        zfac66    0.8531712000000001        5.7800000E-02     0.000000    
        zfac67     1.093705000000000        5.7800000E-02     0.000000    
        zfac68   -0.2843025000000000        5.7800000E-02     0.000000    
        zfac69    0.6174873000000001        5.7800000E-02     0.000000    
        zfac70   -9.6379616000000001E-02    5.7800000E-02     0.000000    
        zfac71    0.2025267000000000        5.7800000E-02     0.000000    
        zfac72   -0.2017626000000000        5.7800000E-02     0.000000    
        zfac73    0.1040721000000000        5.7800000E-02     0.000000    
        zfac74    0.2040716000000000        5.7800000E-02     0.000000    
        zfac75    0.7984673000000000        5.7800000E-02     0.000000    
        zfac76    0.1406727000000000        5.7800000E-02     0.000000    
        zfac77   -4.0633646000000002E-02    5.7800000E-02     0.000000    
        zfac78    0.1574838000000000        5.7800000E-02     0.000000    
        zfac79   -0.7740026999999999        5.7800000E-02     0.000000    
        zfac80   -0.3902942000000000        5.7800000E-02     0.000000    
        zfac81   -0.6663215000000000        5.7800000E-02     0.000000    
        zfac82   -0.1911148000000000        5.7800000E-02     0.000000    
        zfac83   -0.2456440000000000        5.7800000E-02     0.000000    
        zfac84   -0.2386588000000000        5.7800000E-02     0.000000    
        zfac85    0.4675060000000000        5.7800000E-02     0.000000    
        zfac86    0.9141677000000001        5.7800000E-02     0.000000    
        zfac87   -0.3713248000000000        5.7800000E-02     0.000000    
        zfac88   -0.8184677000000000        5.7800000E-02     0.000000    
        zfac89   -0.7378543000000001        5.7800000E-02     0.000000    
        zfac90   -0.1448039000000000        5.7800000E-02     0.000000    
        zfac91   -0.3304007000000000        5.7800000E-02     0.000000    
        zfac92   -8.4952480000000011E-02    5.7800000E-02     0.000000    
        zfac93    0.4902508000000000        5.7800000E-02     0.000000    
        zfac94    0.6366352000000001        5.7800000E-02     0.000000    
        zfac95    1.2486684000000000E-02    5.7800000E-02     0.000000    
        zfac96    0.1864140000000000        5.7800000E-02     0.000000    
        zfac97    0.1487863000000000        5.7800000E-02     0.000000    
        zfac98   -0.2175088000000000        5.7800000E-02     0.000000    
        zfac99   -0.5810766000000001        5.7800000E-02     0.000000    
       zfac100    4.2755731999999998E-02    5.7800000E-02     0.000000    
       zfac101    7.3535678000000007E-02    5.7800000E-02     0.000000    
       zfac102   -0.2107717000000000        5.7800000E-02     0.000000    
       zfac103   -0.2958558000000001        5.7800000E-02     0.000000    
       zfac104    3.6548627000000000E-02    5.7800000E-02     0.000000    
       zfac105    0.3848203000000001        5.7800000E-02     0.000000    
       zfac106   -0.3144688000000000        5.7800000E-02     0.000000    
       zfac107   -0.3942424000000000        5.7800000E-02     0.000000    
       zfac108    0.5533572000000001        5.7800000E-02     0.000000    
       zfac109   -6.4833150000000006E-02    5.7800000E-02     0.000000    
       zfac110    8.9960022000000001E-02    5.7800000E-02     0.000000    
       zfac111    0.1583939000000000        5.7800000E-02     0.000000    
       zfac112    0.3863697000000000        5.7800000E-02     0.000000    
       zfac113    0.5207107000000000        5.7800000E-02     0.000000    
       zfac114    4.0856116000000005E-02    5.7800000E-02     0.000000    
       zfac115    0.3270669000000000        5.7800000E-02     0.000000    
       zfac116    0.6294537000000000        5.7800000E-02     0.000000    
       zfac117   -0.1737044000000000        5.7800000E-02     0.000000    
       zfac118   -4.1611500000000003E-02    5.7800000E-02     0.000000    
       zfac119   -9.8482867999999998E-03    5.7800000E-02     0.000000    
       zfac120   -0.3313068000000000        5.7800000E-02     0.000000    
       zfac121   -0.3400030000000000        5.7800000E-02     0.000000    
       zfac122   -1.8254073000000003E-02    5.7800000E-02     0.000000    
       zfac123   -0.1206196000000000        5.7800000E-02     0.000000    
       zfac124   -2.9605290000000003E-02    5.7800000E-02     0.000000    
       zfac125   -0.2903489000000000        5.7800000E-02     0.000000    
       zfac126   -0.4515397000000000        5.7800000E-02     0.000000    
       zfac127    0.2200338000000000        5.7800000E-02     0.000000    
       zfac128   -0.2532954000000000        5.7800000E-02     0.000000    
       zfac129    0.6662595000000000        5.7800000E-02     0.000000    
       zfac130    0.6412808000000000        5.7800000E-02     0.000000    
       zfac131   -1.3411141000000000E-02    5.7800000E-02     0.000000    
       zfac132    0.1047855000000000        5.7800000E-02     0.000000    
       zfac133   -0.1003128000000000        5.7800000E-02     0.000000    
       zfac134    0.7491692000000000        5.7800000E-02     0.000000    
       zfac135    0.1574359000000000        5.7800000E-02     0.000000    
       zfac136   -0.1615718000000000        5.7800000E-02     0.000000    
       zfac137   -0.4869371000000001        5.7800000E-02     0.000000    
       zfac138   -0.1800572000000000        5.7800000E-02     0.000000    
       zfac139   -0.4694187000000000        5.7800000E-02     0.000000    
       zfac140   -0.2185203000000000        5.7800000E-02     0.000000    
       zfac141   -0.3402081000000000        5.7800000E-02     0.000000    
       zfac142    0.1661975000000000        5.7800000E-02     0.000000    
       zfac143   -0.3395577000000000        5.7800000E-02     0.000000    
       zfac144   -0.4593591000000000        5.7800000E-02     0.000000    
       zfac145    0.3874318000000000        5.7800000E-02     0.000000    
       zfac146   -0.2111038000000000        5.7800000E-02     0.000000    
       zfac147    -1.086503000000000        5.7800000E-02     0.000000    
       zfac148    0.3938058000000000        5.7800000E-02     0.000000    
       zfac149   -0.5817634000000000        5.7800000E-02     0.000000    
       zfac150   -6.6205533000000011E-02    5.7800000E-02     0.000000    
       zfac151     1.186909000000000        5.7800000E-02     0.000000    
       zfac152    4.1312368000000002E-02    5.7800000E-02     0.000000    
       zfac153    0.2542145000000000        5.7800000E-02     0.000000    
       zfac154   -0.2409282000000000        5.7800000E-02     0.000000    
       zfac155   -0.5416763000000000        5.7800000E-02     0.000000    
       zfac156    0.1887055000000000        5.7800000E-02     0.000000    
       zfac157    0.1525877000000000        5.7800000E-02     0.000000    
       zfac158   -0.1556018000000000        5.7800000E-02     0.000000    
       zfac159    1.3409527000000001E-03    5.7800000E-02     0.000000    
       zfac160     1.050759000000000        5.7800000E-02     0.000000    
       zfac161   -0.2110534000000000        5.7800000E-02     0.000000    
       zfac162   -0.3032802000000000        5.7800000E-02     0.000000    
       zfac163    0.1565858000000000        5.7800000E-02     0.000000    
       zfac164    0.2783595000000000        5.7800000E-02     0.000000    
       zfac165    0.1737236000000000        5.7800000E-02     0.000000    
       zfac166   -0.3424541000000000        5.7800000E-02     0.000000    
       zfac167    0.8030470000000001        5.7800000E-02     0.000000    
       zfac168   -0.1980087000000000        5.7800000E-02     0.000000    
       zfac169   -9.7744400000000009E-02    5.7800000E-02     0.000000    
       zfac170   -0.2751681000000000        5.7800000E-02     0.000000    
       zfac171    0.4015549000000000        5.7800000E-02     0.000000    
       zfac172   -0.1099116000000000        5.7800000E-02     0.000000    
       zfac173   -0.2681141000000000        5.7800000E-02     0.000000    
       zfac174   -1.8044951000000004E-02    5.7800000E-02     0.000000    
       zfac175    0.8518035000000000        5.7800000E-02     0.000000    
       zfac176   -0.2483834000000000        5.7800000E-02     0.000000    
       zfac177   -0.1625065000000000        5.7800000E-02     0.000000    
       zfac178    0.7392355000000000        5.7800000E-02     0.000000    
       zfac179   -1.2240221000000001E-02    5.7800000E-02     0.000000    
       zfac180   -0.1835945000000000        5.7800000E-02     0.000000    
       zfac181   -0.2700849000000000        5.7800000E-02     0.000000    
       zfac182   -0.5494816000000001        5.7800000E-02     0.000000    
       zfac183   -0.2765680000000000        5.7800000E-02     0.000000    
       zfac184    0.6435665000000000        5.7800000E-02     0.000000    
       zfac185    0.1486237000000000        5.7800000E-02     0.000000    
       zfac186   -9.6315445999999999E-02    5.7800000E-02     0.000000    
       zfac187    0.5766640000000000        5.7800000E-02     0.000000    
       zfac188   -0.1476061000000000        5.7800000E-02     0.000000    
       zfac189   -0.2696113000000000        5.7800000E-02     0.000000    
       zfac190   -4.8593409000000004E-02    5.7800000E-02     0.000000    
       zfac191   -0.3156924000000000        5.7800000E-02     0.000000    
       zfac192   -0.1512818000000000        5.7800000E-02     0.000000    
       zfac193   -0.2665493000000000        5.7800000E-02     0.000000    
       zfac194    0.2156696000000000        5.7800000E-02     0.000000    
       zfac195   -5.7457396000000001E-02    5.7800000E-02     0.000000    
       zfac196   -0.6657679000000001        5.7800000E-02     0.000000    
       zfac197   -0.5667706000000000        5.7800000E-02     0.000000    
       zfac198   -0.6172306000000001        5.7800000E-02     0.000000    
       zfac199   -0.4619809000000000        5.7800000E-02     0.000000    
       zfac200   -0.1735097000000000        5.7800000E-02     0.000000    
       zfac201    0.2100422000000000        5.7800000E-02     0.000000    
       zfac202   -0.6438481000000000        5.7800000E-02     0.000000    
       zfac203    0.6209171000000000        5.7800000E-02     0.000000    
       zfac204    3.0927006000000000E-02    5.7800000E-02     0.000000    
       zfac205   -0.4003582000000001        5.7800000E-02     0.000000    
       zfac206    4.2758739000000004E-02    5.7800000E-02     0.000000    
       zfac207    0.1859379000000000        5.7800000E-02     0.000000    
       zfac208    0.1725999000000000        5.7800000E-02     0.000000    
       zfac209   -0.2418529000000000        5.7800000E-02     0.000000    
       zfac210    0.7774633000000000        5.7800000E-02     0.000000    
       zfac211    0.4392413000000001        5.7800000E-02     0.000000    
       zfac212   -0.3479142000000000        5.7800000E-02     0.000000    
       zfac213   -5.5141086000000006E-02    5.7800000E-02     0.000000    
       zfac214    5.8538148999999998E-02    5.7800000E-02     0.000000    
       zfac215    0.4753383000000000        5.7800000E-02     0.000000    
       zfac216   -0.3490450000000000        5.7800000E-02     0.000000    
       zfac217   -4.5228978000000003E-02    5.7800000E-02     0.000000    
       zfac218    0.3118997000000001        5.7800000E-02     0.000000    
       zfac219   -0.5806833000000000        5.7800000E-02     0.000000    
       zfac220    0.2861430000000000        5.7800000E-02     0.000000    
       zfac221   -0.2472720000000000        5.7800000E-02     0.000000    
       zfac222   -0.7138374000000001        5.7800000E-02     0.000000    
       zfac223    9.7650659000000015E-03    5.7800000E-02     0.000000    
       zfac224    9.9987232000000009E-02    5.7800000E-02     0.000000    
       zfac225   -0.7015442000000001        5.7800000E-02     0.000000    
       zfac226   -6.4278960999999996E-02    5.7800000E-02     0.000000    
       zfac227    0.5226204000000000        5.7800000E-02     0.000000    
       zfac228     1.096422000000000        5.7800000E-02     0.000000    
       zfac229   -0.3829340000000000        5.7800000E-02     0.000000    
       zfac230   -2.6012192000000003E-02    5.7800000E-02     0.000000    
       zfac231    0.3707018000000000        5.7800000E-02     0.000000    
       zfac232   -0.3177949000000000        5.7800000E-02     0.000000    
       zfac233   -0.6056996000000000        5.7800000E-02     0.000000    
       zfac234    0.2077888000000000        5.7800000E-02     0.000000    
       zfac235    0.1025738000000000        5.7800000E-02     0.000000    
       zfac236    9.6456022000000006E-03    5.7800000E-02     0.000000    
       zfac237   -8.5640130999999994E-02    5.7800000E-02     0.000000    
       zfac238   -0.3007365000000000        5.7800000E-02     0.000000    
       zfac239    0.6400371000000001        5.7800000E-02     0.000000    
       zfac240    0.7329657000000001        5.7800000E-02     0.000000    
       zfac241    0.9863157000000000        5.7800000E-02     0.000000    
       zfac242   -0.3321774000000000        5.7800000E-02     0.000000    
       zfac243   -7.6826129000000007E-02    5.7800000E-02     0.000000    
       zfac244    0.5924611000000001        5.7800000E-02     0.000000    
       zfac245   -5.2531787000000003E-02    5.7800000E-02     0.000000    
       zfac246    5.3707395999999998E-02    5.7800000E-02     0.000000    
       zfac247    0.5146311000000000        5.7800000E-02     0.000000    
       zfac248   -0.1728136000000000        5.7800000E-02     0.000000    
       zfac249    8.3866515000000003E-02    5.7800000E-02     0.000000    
       zfac250    0.3013373000000000        5.7800000E-02     0.000000    
       zfac251   -0.2408400000000000        5.7800000E-02     0.000000    
       zfac252     1.100250000000000        5.7800000E-02     0.000000    
       zfac253    0.8083050000000001        5.7800000E-02     0.000000    
       zfac254    0.3156003000000001        5.7800000E-02     0.000000    
       zfac255   -0.2625314000000000        5.7800000E-02     0.000000    
       zfac256   -1.7212598999999999E-02    5.7800000E-02     0.000000    
       zfac257   -0.1318112000000000        5.7800000E-02     0.000000    
       zfac258    0.3117758000000000        5.7800000E-02     0.000000    
       zfac259    0.5138021000000000        5.7800000E-02     0.000000    
       zfac260    0.7903169000000000        5.7800000E-02     0.000000    
       zfac261    1.3784640000000000E-03    5.7800000E-02     0.000000    
       zfac262   -0.2681975000000000        5.7800000E-02     0.000000    
       zfac263   -0.3565577000000000        5.7800000E-02     0.000000    
       zfac264   -0.2719037000000000        5.7800000E-02     0.000000    
       zfac265    0.3106847000000000        5.7800000E-02     0.000000    
       zfac266    0.4879395000000000        5.7800000E-02     0.000000    
       zfac267    1.1924196000000001E-02    5.7800000E-02     0.000000    
       zfac268    3.7354283000000002E-02    5.7800000E-02     0.000000    
       zfac269   -0.2539486000000000        5.7800000E-02     0.000000    
       zfac270   -0.5317853000000000        5.7800000E-02     0.000000    
       zfac271    0.3134355000000000        5.7800000E-02     0.000000    
       zfac272    0.7198011000000001        5.7800000E-02     0.000000    
       zfac273    0.3173125000000000        5.7800000E-02     0.000000    
       zfac274    1.4216215000000001E-02    5.7800000E-02     0.000000    
       zfac275   -0.3437448000000000        5.7800000E-02     0.000000    
       zfac276    0.4394720000000000        5.7800000E-02     0.000000    
       zfac277   -0.1481995000000000        5.7800000E-02     0.000000    
       zfac278    5.3258537000000002E-02    5.7800000E-02     0.000000    
       zfac279    0.4193639000000000        5.7800000E-02     0.000000    
       zfac280    0.5114974000000000        5.7800000E-02     0.000000    
       zfac281   -0.4812316000000000        5.7800000E-02     0.000000    
       zfac282     1.020773000000000        5.7800000E-02     0.000000    
       zfac283    7.6017834000000006E-02    5.7800000E-02     0.000000    
       zfac284   -0.4290873000000001        5.7800000E-02     0.000000    
       zfac285   -0.5751164000000000        5.7800000E-02     0.000000    
       zfac286   -0.2389137000000000        5.7800000E-02     0.000000    
       zfac287   -0.2557019000000000        5.7800000E-02     0.000000    
       zfac288   -0.1997107000000000        5.7800000E-02     0.000000    
       zfac289    2.8710732000000003E-02    5.7800000E-02     0.000000    
       zfac290    0.8132770000000000        5.7800000E-02     0.000000    
       zfac291    0.3152064000000001        5.7800000E-02     0.000000    
       zfac292   -0.5627801000000000        5.7800000E-02     0.000000    
       zfac293   -7.6241737000000004E-02    5.7800000E-02     0.000000    
       zfac294   -0.1450799000000000        5.7800000E-02     0.000000    
       zfac295    0.1987956000000000        5.7800000E-02     0.000000    
       zfac296   -0.3916782000000000        5.7800000E-02     0.000000    
       zfac297    1.3814364000000001E-02    5.7800000E-02     0.000000    
       zfac298    3.5603915000000007E-02    5.7800000E-02     0.000000    
       zfac299   -3.5227033000000005E-02    5.7800000E-02     0.000000    
       zfac300   -0.2015618000000000        5.7800000E-02     0.000000    
         z_aa1    7.1217425999999997E-03     1.000000         0.000000    
         z_aa2    1.7961510999999999E-02     1.000000         0.000000    
         z_aa3    1.0341454999999999E-02     1.000000         0.000000    
         z_aa4   -8.2510835000000008E-03     1.000000         0.000000    
         z_aa5   -1.6999039000000001E-02     1.000000         0.000000    
         z_aa6   -8.0877039999999994E-03     1.000000         0.000000    
         z_aa7   -4.8689900000000001E-03     1.000000         0.000000    
         z_aa8   -6.8808256000000003E-03     1.000000         0.000000    
         z_aa9    1.7200529999999999E-02     1.000000         0.000000    
        z_aa10    9.6875133000000006E-03     1.000000         0.000000    
        z_aa11    1.1850177000000000E-03     1.000000         0.000000    
        z_aa12   -6.2939865999999999E-03     1.000000         0.000000    
        z_aa13   -3.7703861000000002E-03     1.000000         0.000000    
        z_aa14    1.6427155000000001E-03     1.000000         0.000000    
        z_aa15   -4.0689493000000002E-03     1.000000         0.000000    
        z_aa16   -4.4717478999999997E-03     1.000000         0.000000    
        z_aa17   -1.3065310999999999E-03     1.000000         0.000000    
        z_aa18   -4.7503355999999998E-03     1.000000         0.000000    
        z_aa19    4.8331218000000004E-03     1.000000         0.000000    
        z_aa20    5.6319457999999996E-03     1.000000         0.000000    
        z_aa21    9.3453223999999998E-03     1.000000         0.000000    
        z_aa22   -1.1906460000000001E-02     1.000000         0.000000    
        z_aa23   -6.5474714999999998E-03     1.000000         0.000000    
        z_aa24   -1.3197853000000001E-02     1.000000         0.000000    
        z_aa25   -1.2929315000000000E-02     1.000000         0.000000    
        z_aa26   -1.3131565000000000E-02     1.000000         0.000000    
        z_aa27   -3.8746635000000001E-03     1.000000         0.000000    
        z_aa28   -7.1799740000000004E-03     1.000000         0.000000    
        z_aa29   -4.8873231000000003E-04     1.000000         0.000000    
        z_aa30    2.5895418000000000E-02     1.000000         0.000000    
        z_aa31   -8.1805413999999996E-03     1.000000         0.000000    
        z_aa32   -4.8032626999999998E-03     1.000000         0.000000    
        z_aa33   -1.1954871000000001E-02     1.000000         0.000000    
        z_aa34   -1.2290219999999999E-02     1.000000         0.000000    
        z_aa35   -5.2511490000000001E-03     1.000000         0.000000    
        z_aa36   -7.4901357000000000E-03     1.000000         0.000000    
        z_aa37   -2.0688932000000001E-03     1.000000         0.000000    
        z_aa38    2.6720725000000002E-04     1.000000         0.000000    
        z_aa39   -2.1635080999999998E-03     1.000000         0.000000    
        z_aa40    6.5417933999999999E-03     1.000000         0.000000    
        z_aa41   -9.2724247999999999E-03     1.000000         0.000000    
        z_aa42   -6.0068159999999999E-03     1.000000         0.000000    
        z_aa43   -1.6173625000000001E-02     1.000000         0.000000    
        z_aa44   -1.0173277000000000E-02     1.000000         0.000000    
        z_aa45   -1.4020345000000000E-02     1.000000         0.000000    
        z_aa46   -9.3490332000000006E-03     1.000000         0.000000    
        z_aa47   -4.7299780000000001E-03     1.000000         0.000000    
        z_aa48   -9.2675570000000005E-04     1.000000         0.000000    
        z_aa49    6.1302943999999998E-03     1.000000         0.000000    
        z_aa50    7.0016287000000000E-03     1.000000         0.000000    
        z_aa51   -2.3895072000000000E-02     1.000000         0.000000    
        z_aa52   -1.1032089000000000E-02     1.000000         0.000000    
        z_aa53   -1.4511866999999999E-02     1.000000         0.000000    
        z_aa54   -1.4861764000000000E-02     1.000000         0.000000    
        z_aa55   -4.7796862000000002E-02     1.000000         0.000000    
        z_aa56   -1.1337356000000000E-02     1.000000         0.000000    
        z_aa57   -8.5520046999999991E-03     1.000000         0.000000    
        z_aa58   -1.6308080999999999E-02     1.000000         0.000000    
        z_aa59   -1.5450320999999999E-02     1.000000         0.000000    
        z_aa60    4.3781239000000000E-04     1.000000         0.000000    
        z_aa61   -2.6480215000000001E-02     1.000000         0.000000    
        z_aa62   -1.9986310000000000E-02     1.000000         0.000000    
        z_aa63   -1.9132619999999999E-02     1.000000         0.000000    
        z_aa64   -1.9242861999999999E-02     1.000000         0.000000    
        z_aa65   -2.6227450999999999E-02     1.000000         0.000000    
        z_aa66   -1.2688834000000000E-02     1.000000         0.000000    
        z_aa67   -1.5817046000000001E-02     1.000000         0.000000    
        z_aa68   -8.8563331000000006E-03     1.000000         0.000000    
        z_aa69   -5.9081432000000003E-03     1.000000         0.000000    
        z_aa70   -7.0564651999999997E-03     1.000000         0.000000    
        z_aa71   -2.2139540999999999E-02     1.000000         0.000000    
        z_aa72   -2.7865903000000001E-02     1.000000         0.000000    
        z_aa73    1.1297939000000000E-02     1.000000         0.000000    
        z_aa74   -1.4335420999999999E-02     1.000000         0.000000    
        z_aa75   -1.4553376999999999E-02     1.000000         0.000000    
        z_aa76   -1.3951565000000001E-02     1.000000         0.000000    
        z_aa77   -5.1336604999999997E-03     1.000000         0.000000    
        z_aa78   -5.3675310999999996E-03     1.000000         0.000000    
        z_aa79   -1.8048693000000001E-02     1.000000         0.000000    
        z_aa80   -6.6242812000000002E-05     1.000000         0.000000    
        z_aa81   -1.3565548000000000E-02     1.000000         0.000000    
        z_aa82   -3.1730499000000002E-02     1.000000         0.000000    
        z_aa83   -3.9856001000000002E-02     1.000000         0.000000    
        z_aa84   -3.4196774999999999E-02     1.000000         0.000000    
        z_aa85   -1.8632774000000001E-02     1.000000         0.000000    
        z_aa86   -2.0957768000000002E-02     1.000000         0.000000    
        z_aa87   -1.7349091000000001E-02     1.000000         0.000000    
        z_aa88   -1.2173801000000000E-02     1.000000         0.000000    
        z_aa89   -4.5799826000000000E-03     1.000000         0.000000    
        z_aa90   -7.2863236000000001E-03     1.000000         0.000000    
        z_aa91   -1.0977927000000000E-02     1.000000         0.000000    
        z_aa92   -4.5842753999999998E-03     1.000000         0.000000    
        z_aa93   -4.0259894999999997E-02     1.000000         0.000000    
        z_aa94   -2.7211943999999998E-02     1.000000         0.000000    
        z_aa95   -3.3370388000000001E-02     1.000000         0.000000    
        z_aa96   -3.0502626000000001E-02     1.000000         0.000000    
        z_aa97   -1.5926358000000002E-02     1.000000         0.000000    
        z_aa98   -5.6642918000000004E-03     1.000000         0.000000    
        z_aa99   -6.5023095999999997E-03     1.000000         0.000000    
       z_aa100   -2.1649751999999999E-04     1.000000         0.000000    
        sill_m     4.000000000000000         1.000000         0.000000    
       range_m    0.1976776000000000         1.000000         0.000000    
          af_m     1.110836000000000         1.000000         0.000000    
          aa_m   -7.2916642000000004E-02     1.000000         0.000000    
