 double point
z1                 -0.289452930         1.0  0.0
z2                 0.433989276          1.0  0.0
z3                 0.123408837          1.0  0.0
z4                 7.565412908E-02      1.0  0.0
z5                 -0.393216910         1.0  0.0
z6                 0.676209217          1.0  0.0
z7                 0.509467661          1.0  0.0
z8                 -0.750069729         1.0  0.0
z9                 -7.840762688E-02     1.0  0.0
z10                -1.212118017E-02     1.0  0.0
z11                -0.305530975         1.0  0.0
z12                0.322131922          1.0  0.0
z13                1.321461533E-02      1.0  0.0
z14                0.287900936          1.0  0.0
z15                0.492136161          1.0  0.0
z16                -0.391321048         1.0  0.0
z17                0.608356032          1.0  0.0
z18                0.593991277          1.0  0.0
z19                -0.267982117         1.0  0.0
z20                0.277270080          1.0  0.0
z21                0.210432566          1.0  0.0
z22                0.397974985          1.0  0.0
z23                -0.212189968         1.0  0.0
z24                3.510901979E-02      1.0  0.0
z25                0.493589977          1.0  0.0
z26                0.301571021          1.0  0.0
z27                -0.373371199         1.0  0.0
z28                8.939146226E-02      1.0  0.0
z29                -0.298621841         1.0  0.0
z30                -0.731669191         1.0  0.0
z31                -0.686898752         1.0  0.0
z32                0.391982945          1.0  0.0
z33                -6.608603899E-03     1.0  0.0
z34                0.390754594          1.0  0.0
z35                0.135223756          1.0  0.0
z36                0.384152946          1.0  0.0
z37                0.544479032          1.0  0.0
z38                0.788806967          1.0  0.0
z39                0.292775287          1.0  0.0
z40                -0.332137116         1.0  0.0
z41                3.678867986E-02      1.0  0.0
z42                0.150635996          1.0  0.0
z43                -2.784099089E-02     1.0  0.0
z44                0.124830714          1.0  0.0
z45                0.177747470          1.0  0.0
z46                -0.320575549         1.0  0.0
z47                0.206294428          1.0  0.0
z48                0.267236969          1.0  0.0
z49                0.500263623          1.0  0.0
z50                0.296647360          1.0  0.0
z51                -0.380474925         1.0  0.0
z52                0.480000258          1.0  0.0
z53                -1.023346577E-02     1.0  0.0
z54                -0.159672834         1.0  0.0
z55                -0.273535466         1.0  0.0
z56                0.114817410          1.0  0.0
z57                0.221631925          1.0  0.0
z58                -0.545032272         1.0  0.0
z59                0.221467529          1.0  0.0
z60                0.205087555          1.0  0.0
z61                0.209464534          1.0  0.0
z62                0.330359421          1.0  0.0
z63                -0.401536947         1.0  0.0
z64                0.814418799          1.0  0.0
z65                0.558066178          1.0  0.0
z66                -0.834524343         1.0  0.0
z67                -7.012710336E-02     1.0  0.0
z68                -0.410242533         1.0  0.0
z69                7.904463620E-02      1.0  0.0
z70                0.325000913          1.0  0.0
z71                0.471905244          1.0  0.0
z72                8.163396310E-02      1.0  0.0
z73                -0.317808408         1.0  0.0
z74                7.075114817E-05      1.0  0.0
z75                -7.275746947E-02     1.0  0.0
z76                -0.736846301         1.0  0.0
z77                -9.217313325E-02     1.0  0.0
z78                -0.288895948         1.0  0.0
z79                0.263939575          1.0  0.0
z80                1.912574616E-03      1.0  0.0
z81                0.209910490          1.0  0.0
z82                6.023337537E-02      1.0  0.0
z83                -0.468970603         1.0  0.0
z84                -5.003060367E-02     1.0  0.0
z85                0.176349056          1.0  0.0
z86                -0.970698469         1.0  0.0
z87                3.374950003E-02      1.0  0.0
z88                0.113319767          1.0  0.0
z89                0.453832107          1.0  0.0
z90                -0.869807842         1.0  0.0
z91                0.681255437          1.0  0.0
z92                0.399153816          1.0  0.0
z93                0.704557578          1.0  0.0
z94                8.095883480E-02      1.0  0.0
z95                -0.260607826         1.0  0.0
z96                -8.174096356E-02     1.0  0.0
z97                0.724543780          1.0  0.0
z98                -6.527858554E-03     1.0  0.0
z99                -4.975345276E-02     1.0  0.0
z100               -0.282585562         1.0  0.0
z101               -0.326234082         1.0  0.0
z102               0.312080726          1.0  0.0
z103               -0.244446499         1.0  0.0
z104               -0.955863888         1.0  0.0
z105               -0.429601105         1.0  0.0
z106               0.899080956          1.0  0.0
z107               4.015413587E-02      1.0  0.0
z108               -0.593151944         1.0  0.0
z109               -3.250154449E-02     1.0  0.0
z110               0.328019831          1.0  0.0
z111               -1.03869384          1.0  0.0
z112               -0.187977477         1.0  0.0
z113               -0.128139529         1.0  0.0
z114               -5.794171812E-02     1.0  0.0
z115               -0.542536364         1.0  0.0
z116               0.104881752          1.0  0.0
z117               -0.323215053         1.0  0.0
z118               -0.271746073         1.0  0.0
z119               0.688086225          1.0  0.0
z120               0.234263307          1.0  0.0
z121               9.600462413E-02      1.0  0.0
z122               -0.830225236         1.0  0.0
z123               0.193911158          1.0  0.0
z124               8.443133307E-02      1.0  0.0
z125               -0.137813121         1.0  0.0
z126               -0.851146544         1.0  0.0
z127               -0.759058701         1.0  0.0
z128               -0.302367316         1.0  0.0
z129               -0.268672388         1.0  0.0
z130               -0.560064801         1.0  0.0
z131               -0.770990565         1.0  0.0
z132               -0.748752537         1.0  0.0
z133               -0.432052504         1.0  0.0
z134               -0.275915649         1.0  0.0
z135               0.240187965          1.0  0.0
z136               -0.240729572         1.0  0.0
z137               -0.406945033         1.0  0.0
z138               -0.703727128         1.0  0.0
z139               -0.393558770         1.0  0.0
z140               -1.04701938          1.0  0.0
z141               -0.239347430         1.0  0.0
z142               -0.334723070         1.0  0.0
z143               0.100553246          1.0  0.0
z144               -0.384862221         1.0  0.0
z145               0.640697393          1.0  0.0
z146               0.309849506          1.0  0.0
z147               0.742896953          1.0  0.0
z148               4.709828355E-02      1.0  0.0
z149               0.255109564          1.0  0.0
z150               0.155034094          1.0  0.0
z151               0.335010365          1.0  0.0
z152               -0.144259233         1.0  0.0
z153               -6.118864674E-02     1.0  0.0
z154               -0.197329294         1.0  0.0
z155               8.289179413E-02      1.0  0.0
z156               0.268606838          1.0  0.0
z157               0.106040519          1.0  0.0
z158               -0.766051637         1.0  0.0
z159               -9.717780033E-02     1.0  0.0
z160               -0.227525620         1.0  0.0
z161               -1.26840027          1.0  0.0
z162               -0.574190154         1.0  0.0
z163               -0.725461082         1.0  0.0
z164               -0.534831673         1.0  0.0
z165               -0.217531191         1.0  0.0
z166               0.326401866          1.0  0.0
z167               -0.978727173         1.0  0.0
z168               -0.397879155         1.0  0.0
z169               -0.276445821         1.0  0.0
z170               -0.677189042         1.0  0.0
z171               -0.502511607         1.0  0.0
z172               -9.653075842E-02     1.0  0.0
z173               -0.687735262         1.0  0.0
z174               -0.453576898         1.0  0.0
z175               -4.084239978E-02     1.0  0.0
z176               0.735088162          1.0  0.0
z177               0.199726419          1.0  0.0
z178               0.434359730          1.0  0.0
z179               -0.215943866         1.0  0.0
z180               0.498398271          1.0  0.0
z181               0.458635274          1.0  0.0
z182               0.432651837          1.0  0.0
z183               -0.639031485         1.0  0.0
z184               0.152495989          1.0  0.0
z185               0.297638690          1.0  0.0
z186               4.620632094E-03      1.0  0.0
z187               0.138091258          1.0  0.0
z188               -0.854901902         1.0  0.0
z189               -0.742303145         1.0  0.0
z190               -0.528301125         1.0  0.0
z191               -0.332292977         1.0  0.0
z192               -0.361409342         1.0  0.0
z193               -0.561681298         1.0  0.0
z194               -0.304953997         1.0  0.0
z195               1.194605113E-02      1.0  0.0
z196               -7.102446045E-02     1.0  0.0
z197               -0.308792910         1.0  0.0
z198               0.497154164          1.0  0.0
z199               -1.12411505          1.0  0.0
z200               -0.455310884         1.0  0.0
z201               -0.546249431         1.0  0.0
z202               -0.708252113         1.0  0.0
z203               -0.960440375         1.0  0.0
z204               0.117375182          1.0  0.0
z205               -0.480617173         1.0  0.0
z206               -0.241963068         1.0  0.0
z207               0.694530882          1.0  0.0
z208               1.399427817E-02      1.0  0.0
z209               0.284723535          1.0  0.0
z210               0.686738407          1.0  0.0
z211               0.169682144          1.0  0.0
z212               -0.144898554         1.0  0.0
z213               -5.937350573E-02     1.0  0.0
z214               0.446714364          1.0  0.0
z215               -0.375240082         1.0  0.0
z216               1.804771986E-03      1.0  0.0
z217               -0.106941289         1.0  0.0
z218               -4.243476871E-02     1.0  0.0
z219               0.187634580          1.0  0.0
z220               -0.345513133         1.0  0.0
z221               -0.501689929         1.0  0.0
z222               0.173338052          1.0  0.0
z223               -0.224154045         1.0  0.0
z224               9.346643119E-02      1.0  0.0
z225               0.670376404          1.0  0.0
z226               -0.367031233         1.0  0.0
z227               0.813719456          1.0  0.0
z228               0.760861372          1.0  0.0
z229               -9.794985584E-02     1.0  0.0
z230               -0.671179876         1.0  0.0
z231               -0.585852865         1.0  0.0
z232               -0.286573241         1.0  0.0
z233               -0.448796978         1.0  0.0
z234               -0.224139122         1.0  0.0
z235               2.929161978E-02      1.0  0.0
z236               -0.200879082         1.0  0.0
z237               4.305950164E-04      1.0  0.0
z238               0.625874190          1.0  0.0
z239               0.176196644          1.0  0.0
z240               4.574147911E-03      1.0  0.0
z241               -1.988872231E-02     1.0  0.0
z242               -0.257507682         1.0  0.0
z243               0.619163712          1.0  0.0
z244               0.618188326          1.0  0.0
z245               8.921865061E-02      1.0  0.0
z246               -0.200558273         1.0  0.0
z247               0.131819725          1.0  0.0
z248               -8.183724606E-02     1.0  0.0
z249               -0.557369855         1.0  0.0
z250               0.151856234          1.0  0.0
z251               0.218965806          1.0  0.0
z252               -0.535083591         1.0  0.0
z253               -5.366906868E-02     1.0  0.0
z254               -3.319372291E-02     1.0  0.0
z255               0.531621249          1.0  0.0
z256               1.19042478           1.0  0.0
z257               0.806209841          1.0  0.0
z258               0.719555741          1.0  0.0
z259               0.693843321          1.0  0.0
z260               -0.634246090         1.0  0.0
z261               -0.928300428         1.0  0.0
z262               -0.351492054         1.0  0.0
z263               0.257018232          1.0  0.0
z264               -0.167372759         1.0  0.0
z265               -0.300515915         1.0  0.0
z266               7.186362497E-02      1.0  0.0
z267               0.145058235          1.0  0.0
z268               -0.229914194         1.0  0.0
z269               0.441395479          1.0  0.0
z270               -0.929979208         1.0  0.0
z271               0.321482205          1.0  0.0
z272               0.342567707          1.0  0.0
z273               -0.152844510         1.0  0.0
z274               4.731405805E-02      1.0  0.0
z275               0.157223138          1.0  0.0
z276               0.267840661          1.0  0.0
z277               0.249033414          1.0  0.0
z278               0.431329163          1.0  0.0
z279               -0.675513699         1.0  0.0
z280               -0.171005838         1.0  0.0
z281               0.166551679          1.0  0.0
z282               0.374583155          1.0  0.0
z283               -0.316588428         1.0  0.0
z284               0.762523079          1.0  0.0
z285               0.772937101          1.0  0.0
z286               0.297857985          1.0  0.0
z287               1.19146937           1.0  0.0
z288               0.724319819          1.0  0.0
z289               0.996108530          1.0  0.0
z290               0.948866096          1.0  0.0
z291               0.592512568          1.0  0.0
z292               -0.361094862         1.0  0.0
z293               -0.590884635         1.0  0.0
z294               -0.900699327         1.0  0.0
z295               0.253630047          1.0  0.0
z296               0.150389155          1.0  0.0
z297               -0.323699380         1.0  0.0
z298               0.226946127          1.0  0.0
z299               -0.344384735         1.0  0.0
z300               0.160225149          1.0  0.0
z301               1.26437547           1.0  0.0
z302               0.346510146          1.0  0.0
z303               0.757253448          1.0  0.0
z304               0.796122956          1.0  0.0
z305               0.309803723          1.0  0.0
z306               -0.433444712         1.0  0.0
z307               -0.361705609         1.0  0.0
z308               1.108672666E-02      1.0  0.0
z309               0.338407887          1.0  0.0
z310               -0.274431227         1.0  0.0
z311               6.255880156E-02      1.0  0.0
z312               -0.185852909         1.0  0.0
z313               -3.840164109E-02     1.0  0.0
z314               0.307168265          1.0  0.0
z315               -0.509127483         1.0  0.0
z316               0.132271746          1.0  0.0
z317               0.120122276          1.0  0.0
z318               1.03771939           1.0  0.0
z319               0.846515256          1.0  0.0
z320               0.167367612          1.0  0.0
z321               -0.292928449         1.0  0.0
z322               -0.276593734         1.0  0.0
z323               -0.119798452         1.0  0.0
z324               -0.647855925         1.0  0.0
z325               -0.159591395         1.0  0.0
z326               -0.172054756         1.0  0.0
z327               -0.705631455         1.0  0.0
z328               0.291299361          1.0  0.0
z329               -2.534006101E-02     1.0  0.0
z330               0.254531974          1.0  0.0
z331               0.363005985          1.0  0.0
z332               0.110111016          1.0  0.0
z333               0.192826157          1.0  0.0
z334               0.451556396          1.0  0.0
z335               7.890603340E-02      1.0  0.0
z336               0.357848403          1.0  0.0
z337               7.623618197E-03      1.0  0.0
z338               -0.670554522         1.0  0.0
z339               0.103896323          1.0  0.0
z340               -0.239148055         1.0  0.0
z341               0.288156627          1.0  0.0
z342               -1.19698423          1.0  0.0
z343               -1.28882209          1.0  0.0
z344               -0.287973837         1.0  0.0
z345               -0.627703262         1.0  0.0
z346               -0.419945399         1.0  0.0
z347               -0.125084361         1.0  0.0
z348               7.139727135E-02      1.0  0.0
z349               8.335521474E-02      1.0  0.0
z350               7.713456607E-03      1.0  0.0
z351               -0.286032549         1.0  0.0
z352               -1.70735319          1.0  0.0
z353               -0.560079256         1.0  0.0
z354               -0.196791588         1.0  0.0
z355               -0.124030481         1.0  0.0
z356               -0.131610142         1.0  0.0
z357               0.542893971          1.0  0.0
z358               -0.543123311         1.0  0.0
z359               0.187015582          1.0  0.0
z360               0.144340736          1.0  0.0
z361               0.215864710          1.0  0.0
z362               -0.304482436         1.0  0.0
z363               -0.214725125         1.0  0.0
z364               0.376314871          1.0  0.0
z365               1.628482445E-02      1.0  0.0
z366               0.560498359          1.0  0.0
z367               -0.174215751         1.0  0.0
z368               -0.435422328         1.0  0.0
z369               -0.132605857         1.0  0.0
z370               -0.314388838         1.0  0.0
z371               -3.856760080E-02     1.0  0.0
z372               0.511686470          1.0  0.0
z373               -0.877497124         1.0  0.0
z374               -1.38470689          1.0  0.0
z375               -0.675035506         1.0  0.0
z376               -0.164209529         1.0  0.0
z377               -0.687958151         1.0  0.0
z378               -0.228875417         1.0  0.0
z379               -0.718909178         1.0  0.0
z380               -0.679625860         1.0  0.0
z381               -0.165848251         1.0  0.0
z382               -0.339536707         1.0  0.0
z383               -0.605544557         1.0  0.0
z384               0.465708687          1.0  0.0
z385               -0.402592154         1.0  0.0
z386               -2.057995351E-02     1.0  0.0
z387               -0.148793000         1.0  0.0
z388               -9.461407766E-02     1.0  0.0
z389               -0.160197897         1.0  0.0
z390               -0.495053230         1.0  0.0
z391               -0.532567698         1.0  0.0
z392               0.249287839          1.0  0.0
z393               -1.617769927E-02     1.0  0.0
z394               0.472578028          1.0  0.0
z395               0.684219300          1.0  0.0
z396               -0.282994103         1.0  0.0
z397               -8.194597380E-02     1.0  0.0
z398               0.197303803          1.0  0.0
z399               5.339580938E-02      1.0  0.0
z400               0.106999445          1.0  0.0
z401               -1.941115961E-02     1.0  0.0
z402               -0.517463007         1.0  0.0
z403               -0.222577474         1.0  0.0
z404               1.827008265E-02      1.0  0.0
z405               -0.951084742         1.0  0.0
z406               -0.866210392         1.0  0.0
z407               -3.516384272E-02     1.0  0.0
z408               -1.05314028          1.0  0.0
z409               -0.631506315         1.0  0.0
z410               -0.126779156         1.0  0.0
z411               -0.933877368         1.0  0.0
z412               0.328864004          1.0  0.0
z413               -0.663260301         1.0  0.0
z414               0.465044106          1.0  0.0
z415               -0.260583521         1.0  0.0
z416               0.443939339          1.0  0.0
z417               0.526454938          1.0  0.0
z418               0.251116489          1.0  0.0
z419               5.213104979E-02      1.0  0.0
z420               0.485775032          1.0  0.0
z421               -0.405048246         1.0  0.0
z422               0.310689267          1.0  0.0
z423               -0.210637620         1.0  0.0
z424               -0.130396810         1.0  0.0
z425               -0.449147859         1.0  0.0
z426               -0.196460895         1.0  0.0
z427               0.352789786          1.0  0.0
z428               -0.244586581         1.0  0.0
z429               0.105785077          1.0  0.0
z430               -0.463719531         1.0  0.0
z431               0.511844112          1.0  0.0
z432               -0.548133412         1.0  0.0
z433               -0.364692376         1.0  0.0
z434               0.374456539          1.0  0.0
z435               -0.476394737         1.0  0.0
z436               0.144380243          1.0  0.0
z437               -0.200947725         1.0  0.0
z438               0.187450591          1.0  0.0
z439               -0.190794573         1.0  0.0
z440               -0.585206946         1.0  0.0
z441               -0.363440164         1.0  0.0
z442               -0.221272882         1.0  0.0
z443               -2.374935135E-02     1.0  0.0
z444               0.524851130          1.0  0.0
z445               -0.386255453         1.0  0.0
z446               0.405649794          1.0  0.0
z447               -0.379029317         1.0  0.0
z448               -0.259782868         1.0  0.0
z449               2.139055550E-03      1.0  0.0
z450               0.353177023          1.0  0.0
z451               -1.584507780E-02     1.0  0.0
z452               -0.751713805         1.0  0.0
z453               0.109043901          1.0  0.0
z454               -4.126683621E-02     1.0  0.0
z455               -0.523767210         1.0  0.0
z456               0.111838089          1.0  0.0
z457               0.456317939          1.0  0.0
z458               -2.607720651E-02     1.0  0.0
z459               0.655130383          1.0  0.0
z460               -0.381850311         1.0  0.0
z461               0.193053425          1.0  0.0
z462               -0.572975762         1.0  0.0
z463               0.218803324          1.0  0.0
z464               1.07303189           1.0  0.0
z465               0.371952012          1.0  0.0
z466               -0.257488521         1.0  0.0
z467               -0.265649755         1.0  0.0
z468               0.492682550          1.0  0.0
z469               -0.237448515         1.0  0.0
z470               -0.415398737         1.0  0.0
z471               -0.725647671         1.0  0.0
z472               -0.386464939         1.0  0.0
z473               -0.335468966         1.0  0.0
z474               0.823785825          1.0  0.0
z475               -1.508699849E-02     1.0  0.0
z476               -6.344544491E-02     1.0  0.0
z477               7.171406686E-02      1.0  0.0
z478               -0.743788274         1.0  0.0
z479               -0.545690944         1.0  0.0
z480               -0.406893757         1.0  0.0
z481               -0.100839035         1.0  0.0
z482               0.116470954          1.0  0.0
z483               0.387929251          1.0  0.0
z484               -0.415347207         1.0  0.0
z485               0.856743802          1.0  0.0
z486               -0.159693213         1.0  0.0
z487               -5.924187952E-02     1.0  0.0
z488               -0.341019016         1.0  0.0
z489               0.370474987          1.0  0.0
z490               -0.237184775         1.0  0.0
z491               -0.118731585         1.0  0.0
z492               0.389837359          1.0  0.0
z493               -1.461823676E-02     1.0  0.0
z494               0.276240292          1.0  0.0
z495               0.766769421          1.0  0.0
z496               -8.682590704E-02     1.0  0.0
z497               0.349210420          1.0  0.0
z498               0.454537924          1.0  0.0
z499               3.914527192E-02      1.0  0.0
z500               0.531655942          1.0  0.0
z501               -0.149948791         1.0  0.0
z502               0.168656465          1.0  0.0
z503               0.406566571          1.0  0.0
z504               -0.274863550         1.0  0.0
z505               0.521450693          1.0  0.0
z506               -0.211012538         1.0  0.0
z507               0.176181434          1.0  0.0
z508               -0.550501102         1.0  0.0
z509               0.290025660          1.0  0.0
z510               0.377077797          1.0  0.0
z511               0.215919168          1.0  0.0
z512               0.157679866          1.0  0.0
z513               -3.376805922E-02     1.0  0.0
z514               -0.341246002         1.0  0.0
z515               -0.255103453         1.0  0.0
z516               -0.195709053         1.0  0.0
z517               -6.568373820E-02     1.0  0.0
z518               -6.002599938E-02     1.0  0.0
z519               0.151221180          1.0  0.0
z520               -0.226975866         1.0  0.0
z521               0.874459905          1.0  0.0
z522               7.003910683E-02      1.0  0.0
z523               9.441153311E-02      1.0  0.0
z524               -0.396518552         1.0  0.0
z525               0.378514426          1.0  0.0
z526               0.132107129          1.0  0.0
z527               -1.04535684          1.0  0.0
z528               0.687016601          1.0  0.0
z529               -0.369630496         1.0  0.0
z530               0.207912069          1.0  0.0
z531               0.126839471          1.0  0.0
z532               0.137659307          1.0  0.0
z533               -0.211321568         1.0  0.0
z534               0.924049936          1.0  0.0
z535               0.194433263          1.0  0.0
z536               0.200677822          1.0  0.0
z537               -4.726692543E-02     1.0  0.0
z538               -0.254322992         1.0  0.0
z539               -1.21754329          1.0  0.0
z540               -0.460494240         1.0  0.0
z541               -0.184815878         1.0  0.0
z542               -0.788477094         1.0  0.0
z543               -0.541920959         1.0  0.0
z544               0.779871125          1.0  0.0
z545               -0.300874129         1.0  0.0
z546               0.115804390          1.0  0.0
z547               0.424118454          1.0  0.0
z548               -0.164009468         1.0  0.0
z549               0.161243667          1.0  0.0
z550               -1.08930172          1.0  0.0
z551               0.513272301          1.0  0.0
z552               0.702409921          1.0  0.0
z553               -0.482058048         1.0  0.0
z554               -0.427855837         1.0  0.0
z555               -0.711240180         1.0  0.0
z556               -0.624557571         1.0  0.0
z557               -1.04805554          1.0  0.0
z558               -0.615951450         1.0  0.0
z559               -0.158429708         1.0  0.0
z560               0.204078156          1.0  0.0
z561               0.290906731          1.0  0.0
z562               3.377429131E-02      1.0  0.0
z563               0.242933848          1.0  0.0
z564               -0.117271927         1.0  0.0
z565               0.168167836          1.0  0.0
z566               0.135466183          1.0  0.0
z567               -0.658952976         1.0  0.0
z568               -0.521334833         1.0  0.0
z569               -0.360503497         1.0  0.0
z570               -7.651941975E-02     1.0  0.0
z571               -0.665959463         1.0  0.0
z572               -0.245420391         1.0  0.0
z573               -8.517685135E-02     1.0  0.0
z574               0.128534549          1.0  0.0
z575               -0.810979166         1.0  0.0
z576               -0.722909092         1.0  0.0
z577               0.263703181          1.0  0.0
z578               0.130688919          1.0  0.0
z579               0.418488965          1.0  0.0
z580               -0.195001455         1.0  0.0
z581               -0.557922564         1.0  0.0
z582               0.115506558          1.0  0.0
z583               -4.643339723E-02     1.0  0.0
z584               -1.14483627          1.0  0.0
z585               -1.268897267E-02     1.0  0.0
z586               4.040174691E-02      1.0  0.0
z587               -0.554955211         1.0  0.0
z588               -0.156705787         1.0  0.0
z589               -0.681108139         1.0  0.0
z590               -8.898826566E-02     1.0  0.0
z591               -0.568895008         1.0  0.0
z592               -0.370388159         1.0  0.0
z593               0.324842795          1.0  0.0
z594               0.444411407          1.0  0.0
z595               8.624212964E-02      1.0  0.0
z596               -0.306943618         1.0  0.0
z597               4.687126546E-03      1.0  0.0
z598               -4.680365113E-02     1.0  0.0
z599               0.712378263          1.0  0.0
z600               4.057012012E-02      1.0  0.0
z601               0.108376962          1.0  0.0
z602               -0.410839182         1.0  0.0
z603               0.135713238          1.0  0.0
z604               0.136564604          1.0  0.0
z605               0.344802664          1.0  0.0
z606               0.348778480          1.0  0.0
z607               0.545078807          1.0  0.0
z608               1.02905557           1.0  0.0
z609               0.850066005          1.0  0.0
z610               1.14983586           1.0  0.0
z611               -7.002225201E-02     1.0  0.0
z612               -0.560954828         1.0  0.0
z613               -0.852371523         1.0  0.0
z614               -0.317796194         1.0  0.0
z615               -0.746130257         1.0  0.0
z616               -0.637634092         1.0  0.0
z617               -0.111351755         1.0  0.0
z618               -0.749597600         1.0  0.0
z619               5.426385440E-02      1.0  0.0
z620               5.651950147E-02      1.0  0.0
z621               -0.581075322         1.0  0.0
z622               0.879017525          1.0  0.0
z623               -0.134290088         1.0  0.0
z624               0.152521273          1.0  0.0
z625               0.292024272          1.0  0.0
z626               0.324428123          1.0  0.0
z627               -0.374601819         1.0  0.0
z628               -0.424086727         1.0  0.0
z629               7.555074158E-02      1.0  0.0
z630               -2.455644578E-02     1.0  0.0
z631               -0.116660887         1.0  0.0
z632               -0.565809189         1.0  0.0
z633               5.251204879E-02      1.0  0.0
z634               0.509186236          1.0  0.0
z635               -0.149466954         1.0  0.0
z636               -0.100497190         1.0  0.0
z637               4.775907005E-02      1.0  0.0
z638               -0.389980910         1.0  0.0
z639               0.400832180          1.0  0.0
z640               -0.227102386         1.0  0.0
z641               -0.350874192         1.0  0.0
z642               0.137916804          1.0  0.0
z643               0.424179050          1.0  0.0
z644               -0.215523469         1.0  0.0
z645               0.165402546          1.0  0.0
z646               0.150332450          1.0  0.0
z647               -0.150127852         1.0  0.0
z648               0.208126380          1.0  0.0
z649               0.384060296          1.0  0.0
z650               0.392974005          1.0  0.0
z651               -0.463432330         1.0  0.0
z652               0.966329144          1.0  0.0
z653               0.475483580          1.0  0.0
z654               1.213182008E-02      1.0  0.0
z655               -0.756854274         1.0  0.0
z656               -2.030206814E-02     1.0  0.0
z657               -0.304757299         1.0  0.0
z658               -0.424282289         1.0  0.0
z659               0.135375640          1.0  0.0
z660               4.493149954E-02      1.0  0.0
z661               0.179158892          1.0  0.0
z662               5.805934767E-02      1.0  0.0
z663               0.210467860          1.0  0.0
z664               -3.075007853E-02     1.0  0.0
z665               -0.121003477         1.0  0.0
z666               0.448597476          1.0  0.0
z667               -0.182756299         1.0  0.0
z668               0.473495104          1.0  0.0
z669               0.343223329          1.0  0.0
z670               0.342284895          1.0  0.0
z671               0.149129179          1.0  0.0
z672               0.566925248          1.0  0.0
z673               9.181188894E-02      1.0  0.0
z674               0.419207727          1.0  0.0
z675               0.220473174          1.0  0.0
z676               -0.301169378         1.0  0.0
z677               0.260286188          1.0  0.0
z678               0.600942245          1.0  0.0
z679               -0.197967943         1.0  0.0
z680               -0.409868113         1.0  0.0
z681               5.168593052E-02      1.0  0.0
z682               -0.806128986         1.0  0.0
z683               0.369441617          1.0  0.0
z684               -0.493317193         1.0  0.0
z685               2.923961878E-02      1.0  0.0
z686               0.288030466          1.0  0.0
z687               -0.926865271         1.0  0.0
z688               8.273002384E-02      1.0  0.0
z689               0.236013484          1.0  0.0
z690               -0.523086319         1.0  0.0
z691               -0.104715185         1.0  0.0
z692               -9.619565072E-02     1.0  0.0
z693               -0.217022204         1.0  0.0
z694               -0.355761948         1.0  0.0
z695               -0.198111033         1.0  0.0
z696               -0.107272265         1.0  0.0
z697               -1.590050100E-02     1.0  0.0
z698               -4.562403038E-02     1.0  0.0
z699               -0.119816220         1.0  0.0
z700               0.355836052          1.0  0.0
z701               -9.746004376E-03     1.0  0.0
z702               -0.715284492         1.0  0.0
z703               -0.230706014         1.0  0.0
z704               2.843820441E-02      1.0  0.0
z705               -0.119392622         1.0  0.0
z706               5.668181589E-02      1.0  0.0
z707               0.493689526          1.0  0.0
z708               0.889415352          1.0  0.0
z709               2.027897230E-02      1.0  0.0
z710               -0.305019718         1.0  0.0
z711               1.758779248E-02      1.0  0.0
z712               0.750202455          1.0  0.0
z713               -0.183707048         1.0  0.0
z714               -0.772519172         1.0  0.0
z715               1.02850002           1.0  0.0
z716               -1.166367030E-02     1.0  0.0
z717               -0.602253658         1.0  0.0
z718               4.964179326E-02      1.0  0.0
z719               -0.453396313         1.0  0.0
z720               -0.210029921         1.0  0.0
z721               0.295717791          1.0  0.0
z722               -2.668138399E-02     1.0  0.0
z723               -0.160806882         1.0  0.0
z724               0.769197087          1.0  0.0
z725               1.550291124E-02      1.0  0.0
z726               7.824883884E-02      1.0  0.0
z727               -0.804917665         1.0  0.0
z728               -0.555572612         1.0  0.0
z729               -0.328894849         1.0  0.0
z730               1.119040955E-02      1.0  0.0
z731               0.125369129          1.0  0.0
z732               -0.234540644         1.0  0.0
z733               -0.315500085         1.0  0.0
z734               0.558523152          1.0  0.0
z735               -7.240475644E-02     1.0  0.0
z736               -0.873532097         1.0  0.0
z737               0.803971963          1.0  0.0
z738               -0.640205141         1.0  0.0
z739               -0.106637580         1.0  0.0
z740               7.319258356E-02      1.0  0.0
z741               -9.358352219E-02     1.0  0.0
z742               -0.121609266         1.0  0.0
z743               -0.500558552         1.0  0.0
z744               -5.768617099E-02     1.0  0.0
z745               -0.159538618         1.0  0.0
z746               -6.176218761E-02     1.0  0.0
z747               -0.592225225         1.0  0.0
z748               -0.310070228         1.0  0.0
z749               -0.188765686         1.0  0.0
z750               -0.633608989         1.0  0.0
z751               -0.768001542         1.0  0.0
z752               -8.355926664E-02     1.0  0.0
z753               -0.464934187         1.0  0.0
z754               0.267904295          1.0  0.0
z755               -0.208940244         1.0  0.0
z756               -8.105280594E-02     1.0  0.0
z757               -0.266986917         1.0  0.0
z758               0.131421946          1.0  0.0
z759               0.961466463          1.0  0.0
z760               0.379655045          1.0  0.0
z761               -0.471341504         1.0  0.0
z762               0.451826097          1.0  0.0
z763               -0.145772738         1.0  0.0
z764               0.103696684          1.0  0.0
z765               -0.152764405         1.0  0.0
z766               -0.354410772         1.0  0.0
z767               -0.115582293         1.0  0.0
z768               0.216324361          1.0  0.0
z769               -0.326774355         1.0  0.0
z770               -0.846521351         1.0  0.0
z771               -0.421213022         1.0  0.0
z772               0.332830709          1.0  0.0
z773               0.182679379          1.0  0.0
z774               0.574460647          1.0  0.0
z775               -0.141433409         1.0  0.0
z776               0.141842761          1.0  0.0
z777               -0.339024274         1.0  0.0
z778               -0.100898186         1.0  0.0
z779               0.382090805          1.0  0.0
z780               -7.245464328E-02     1.0  0.0
z781               -0.964851808         1.0  0.0
z782               -0.349511154         1.0  0.0
z783               -7.964720808E-02     1.0  0.0
z784               -0.103045568         1.0  0.0
z785               0.497782900          1.0  0.0
z786               -9.363456710E-02     1.0  0.0
z787               -0.309038965         1.0  0.0
z788               0.731503416          1.0  0.0
z789               -0.626273851         1.0  0.0
z790               0.742924890          1.0  0.0
z791               0.750612433          1.0  0.0
z792               0.323197510          1.0  0.0
z793               0.469703834          1.0  0.0
z794               8.452841722E-02      1.0  0.0
z795               -0.352298251         1.0  0.0
z796               -0.651221824         1.0  0.0
z797               0.556319833          1.0  0.0
z798               -0.483160023         1.0  0.0
z799               -0.242425223         1.0  0.0
z800               4.039489847E-02      1.0  0.0
z801               -0.118548156         1.0  0.0
z802               -1.945100479E-02     1.0  0.0
z803               0.399058005          1.0  0.0
z804               3.974722766E-02      1.0  0.0
z805               -4.805772660E-02     1.0  0.0
z806               4.468227002E-02      1.0  0.0
z807               -0.122783521         1.0  0.0
z808               9.752081507E-02      1.0  0.0
z809               -0.471361616         1.0  0.0
z810               -0.461311625         1.0  0.0
z811               0.185129860          1.0  0.0
z812               0.439988065          1.0  0.0
z813               -7.420542949E-02     1.0  0.0
z814               -0.362782630         1.0  0.0
z815               0.210087251          1.0  0.0
z816               0.227469013          1.0  0.0
z817               -0.717479247         1.0  0.0
z818               -0.411157288         1.0  0.0
z819               0.386565356          1.0  0.0
z820               1.06845223           1.0  0.0
z821               -0.115746065         1.0  0.0
z822               0.268040129          1.0  0.0
z823               -0.268862040         1.0  0.0
z824               0.231952949          1.0  0.0
z825               -2.150672730E-02     1.0  0.0
z826               0.329710860          1.0  0.0
z827               0.136180575          1.0  0.0
z828               0.868596692          1.0  0.0
z829               0.138152710          1.0  0.0
z830               0.430047299          1.0  0.0
z831               -0.206197160         1.0  0.0
z832               0.167365254          1.0  0.0
z833               -0.404860272         1.0  0.0
z834               -0.316951448         1.0  0.0
z835               -0.125511493         1.0  0.0
z836               -0.144354202         1.0  0.0
z837               0.142632289          1.0  0.0
z838               -2.799132686E-02     1.0  0.0
z839               -0.203760057         1.0  0.0
z840               4.497272391E-02      1.0  0.0
z841               -8.886136670E-02     1.0  0.0
z842               -3.162843417E-02     1.0  0.0
z843               0.260798553          1.0  0.0
z844               -0.555797392         1.0  0.0
z845               0.322762159          1.0  0.0
z846               -0.376562134         1.0  0.0
z847               -4.569632472E-02     1.0  0.0
z848               0.295818600          1.0  0.0
z849               4.125456120E-02      1.0  0.0
z850               4.548583247E-02      1.0  0.0
z851               0.508497326          1.0  0.0
z852               0.550464238          1.0  0.0
z853               -1.932012972E-03     1.0  0.0
z854               0.764866337          1.0  0.0
z855               0.207242350          1.0  0.0
z856               0.856768202          1.0  0.0
z857               0.124767024          1.0  0.0
z858               0.349135414          1.0  0.0
z859               -8.759696845E-02     1.0  0.0
z860               -7.271564779E-02     1.0  0.0
z861               0.551986230          1.0  0.0
z862               0.298791426          1.0  0.0
z863               8.454168828E-02      1.0  0.0
z864               -0.434547819         1.0  0.0
z865               -0.434792885         1.0  0.0
z866               -0.523459098         1.0  0.0
z867               1.215317916E-02      1.0  0.0
z868               -6.023661787E-02     1.0  0.0
z869               -1.790713485E-02     1.0  0.0
z870               -2.473173285E-03     1.0  0.0
z871               0.292231986          1.0  0.0
z872               0.141191837          1.0  0.0
z873               -2.472885102E-04     1.0  0.0
z874               -0.497030573         1.0  0.0
z875               1.762409751E-04      1.0  0.0
z876               0.330704908          1.0  0.0
z877               0.264216855          1.0  0.0
z878               0.336117346          1.0  0.0
z879               0.166200870          1.0  0.0
z880               0.490023674          1.0  0.0
z881               0.766571535          1.0  0.0
z882               0.639746429          1.0  0.0
z883               2.433197215E-02      1.0  0.0
z884               0.202349157          1.0  0.0
z885               0.223099058          1.0  0.0
z886               0.840500421          1.0  0.0
z887               0.528461424          1.0  0.0
z888               -7.079377837E-02     1.0  0.0
z889               0.199661018          1.0  0.0
z890               0.490599406          1.0  0.0
z891               -0.188635143         1.0  0.0
z892               0.474082339          1.0  0.0
z893               0.223616480          1.0  0.0
z894               0.717797900          1.0  0.0
z895               -5.332110645E-02     1.0  0.0
z896               -0.335947493         1.0  0.0
z897               -0.107123207         1.0  0.0
z898               0.159658360          1.0  0.0
z899               -0.138854282         1.0  0.0
z900               -9.277775013E-02     1.0  0.0
