-2.894529300000000D-001
 4.339892760000000D-001
 1.234088370000000D-001
 7.565412908000000D-002
-3.932169100000000D-001
 6.762092170000000D-001
 5.094676610000000D-001
-7.500697290000000D-001
-7.840762688000000D-002
-1.212118017000000D-002
-3.055309750000000D-001
 3.221319220000000D-001
 1.321461533000000D-002
 2.879009360000000D-001
 4.921361610000000D-001
-3.913210480000000D-001
 6.083560320000000D-001
 5.939912770000000D-001
-2.679821170000000D-001
 2.772700800000000D-001
 2.104325660000000D-001
 3.979749850000000D-001
-2.121899680000000D-001
 3.510901979000000D-002
 4.935899770000000D-001
 3.015710210000000D-001
-3.733711990000000D-001
 8.939146226000000D-002
-2.986218410000000D-001
-7.316691910000002D-001
-6.868987520000000D-001
 3.919829450000001D-001
-6.608603899000000D-003
 3.907545940000000D-001
 1.352237560000000D-001
 3.841529460000000D-001
 5.444790320000000D-001
 7.888069670000000D-001
 2.927752870000000D-001
-3.321371160000000D-001
 3.678867986000000D-002
 1.506359960000000D-001
-2.784099089000000D-002
 1.248307140000000D-001
 1.777474700000000D-001
-3.205755490000000D-001
 2.062944280000000D-001
 2.672369690000000D-001
 5.002636230000000D-001
 2.966473600000001D-001
-3.804749250000000D-001
 4.800002580000000D-001
-1.023346577000000D-002
-1.596728340000000D-001
-2.735354660000000D-001
 1.148174100000000D-001
 2.216319250000000D-001
-5.450322720000000D-001
 2.214675290000000D-001
 2.050875550000000D-001
 2.094645340000000D-001
 3.303594210000000D-001
-4.015369470000000D-001
 8.144187990000000D-001
 5.580661780000000D-001
-8.345243430000000D-001
-7.012710336000000D-002
-4.102425330000000D-001
 7.904463620000000D-002
 3.250009130000000D-001
 4.719052440000000D-001
 8.163396310000000D-002
-3.178084080000000D-001
 7.075114817000002D-005
-7.275746947000000D-002
-7.368463010000000D-001
-9.217313325000000D-002
-2.888959480000000D-001
 2.639395750000000D-001
 1.912574616000000D-003
 2.099104900000000D-001
 6.023337537000000D-002
-4.689706030000000D-001
-5.003060367000000D-002
 1.763490560000000D-001
-9.706984690000000D-001
 3.374950003000000D-002
 1.133197670000000D-001
 4.538321070000000D-001
-8.698078420000002D-001
 6.812554370000000D-001
 3.991538160000000D-001
 7.045575780000000D-001
 8.095883480000000D-002
-2.606078260000000D-001
-8.174096356000000D-002
 7.245437800000000D-001
-6.527858554000000D-003
-4.975345276000000D-002
-2.825855620000000D-001
-3.262340820000000D-001
 3.120807260000000D-001
-2.444464990000000D-001
-9.558638880000000D-001
-4.296011050000000D-001
 8.990809560000000D-001
 4.015413587000001D-002
-5.931519440000000D-001
-3.250154449000000D-002
 3.280198310000000D-001
-1.038693840000000D+000
-1.879774770000000D-001
-1.281395290000000D-001
-5.794171812000000D-002
-5.425363640000000D-001
 1.048817520000000D-001
-3.232150530000000D-001
-2.717460730000000D-001
 6.880862250000002D-001
 2.342633070000000D-001
 9.600462413000000D-002
-8.302252360000000D-001
 1.939111580000000D-001
 8.443133307000000D-002
-1.378131210000000D-001
-8.511465440000000D-001
-7.590587010000000D-001
-3.023673160000000D-001
-2.686723880000000D-001
-5.600648010000000D-001
-7.709905650000000D-001
-7.487525370000000D-001
-4.320525040000000D-001
-2.759156490000000D-001
 2.401879650000000D-001
-2.407295720000000D-001
-4.069450330000000D-001
-7.037271280000000D-001
-3.935587700000000D-001
-1.047019380000000D+000
-2.393474300000000D-001
-3.347230700000000D-001
 1.005532460000000D-001
-3.848622210000000D-001
 6.406973930000000D-001
 3.098495060000000D-001
 7.428969530000000D-001
 4.709828355000000D-002
 2.551095640000000D-001
 1.550340940000000D-001
 3.350103650000000D-001
-1.442592330000000D-001
-6.118864674000000D-002
-1.973292940000000D-001
 8.289179413000000D-002
 2.686068380000000D-001
 1.060405190000000D-001
-7.660516370000000D-001
-9.717780033000000D-002
-2.275256200000000D-001
-1.268400270000000D+000
-5.741901540000000D-001
-7.254610820000000D-001
-5.348316730000000D-001
-2.175311910000000D-001
 3.264018660000000D-001
-9.787271730000000D-001
-3.978791550000000D-001
-2.764458210000000D-001
-6.771890420000000D-001
-5.025116070000000D-001
-9.653075842000000D-002
-6.877352620000000D-001
-4.535768980000000D-001
-4.084239978000000D-002
 7.350881620000000D-001
 1.997264190000000D-001
 4.343597300000000D-001
-2.159438660000000D-001
 4.983982710000000D-001
 4.586352740000000D-001
 4.326518370000000D-001
-6.390314850000000D-001
 1.524959890000000D-001
 2.976386900000000D-001
 4.620632094000000D-003
 1.380912580000000D-001
-8.549019020000000D-001
-7.423031450000002D-001
-5.283011250000000D-001
-3.322929770000000D-001
-3.614093420000000D-001
-5.616812980000000D-001
-3.049539970000000D-001
 1.194605113000000D-002
-7.102446045000000D-002
-3.087929100000000D-001
 4.971541640000000D-001
-1.124115050000000D+000
-4.553108840000000D-001
-5.462494310000000D-001
-7.082521130000000D-001
-9.604403750000000D-001
 1.173751820000000D-001
-4.806171730000000D-001
-2.419630680000000D-001
 6.945308820000000D-001
 1.399427817000000D-002
 2.847235350000001D-001
 6.867384070000000D-001
 1.696821440000000D-001
-1.448985540000000D-001
-5.937350573000000D-002
 4.467143640000000D-001
-3.752400820000000D-001
 1.804771986000000D-003
-1.069412890000000D-001
-4.243476871000000D-002
 1.876345800000000D-001
-3.455131330000000D-001
-5.016899290000000D-001
 1.733380520000000D-001
-2.241540450000000D-001
 9.346643119000000D-002
 6.703764040000000D-001
-3.670312330000000D-001
 8.137194560000000D-001
 7.608613720000000D-001
-9.794985584000000D-002
-6.711798760000000D-001
-5.858528650000000D-001
-2.865732410000000D-001
-4.487969780000000D-001
-2.241391220000000D-001
 2.929161978000000D-002
-2.008790820000000D-001
 4.305950164000000D-004
 6.258741900000000D-001
 1.761966440000000D-001
 4.574147911000000D-003
-1.988872231000000D-002
-2.575076820000000D-001
 6.191637120000000D-001
 6.181883260000000D-001
 8.921865061000002D-002
-2.005582730000000D-001
 1.318197250000000D-001
-8.183724606000000D-002
-5.573698550000000D-001
 1.518562340000000D-001
 2.189658060000000D-001
-5.350835910000000D-001
-5.366906868000000D-002
-3.319372291000000D-002
 5.316212490000000D-001
 1.190424780000000D+000
 8.062098410000000D-001
 7.195557410000000D-001
 6.938433210000000D-001
-6.342460900000000D-001
-9.283004280000000D-001
-3.514920540000000D-001
 2.570182320000000D-001
-1.673727590000000D-001
-3.005159150000000D-001
 7.186362497000000D-002
 1.450582350000000D-001
-2.299141940000000D-001
 4.413954790000000D-001
-9.299792080000000D-001
 3.214822050000000D-001
 3.425677070000000D-001
-1.528445100000000D-001
 4.731405805000000D-002
 1.572231380000000D-001
 2.678406610000000D-001
 2.490334140000000D-001
 4.313291630000000D-001
-6.755136990000000D-001
-1.710058380000000D-001
 1.665516790000000D-001
 3.745831550000000D-001
-3.165884280000000D-001
 7.625230790000000D-001
 7.729371010000000D-001
 2.978579850000000D-001
 1.191469370000000D+000
 7.243198190000000D-001
 9.961085300000000D-001
 9.488660960000000D-001
 5.925125680000000D-001
-3.610948620000000D-001
-5.908846350000000D-001
-9.006993270000000D-001
 2.536300470000001D-001
 1.503891550000000D-001
-3.236993800000000D-001
 2.269461270000000D-001
-3.443847350000000D-001
 1.602251490000000D-001
 1.264375470000000D+000
 3.465101460000000D-001
 7.572534480000002D-001
 7.961229560000000D-001
 3.098037230000000D-001
-4.334447120000000D-001
-3.617056090000000D-001
 1.108672666000000D-002
 3.384078870000000D-001
-2.744312270000000D-001
 6.255880156000000D-002
-1.858529090000000D-001
-3.840164109000000D-002
 3.071682650000000D-001
-5.091274830000000D-001
 1.322717460000000D-001
 1.201222760000000D-001
 1.037719390000000D+000
 8.465152560000000D-001
 1.673676120000000D-001
-2.929284490000000D-001
-2.765937340000000D-001
-1.197984520000000D-001
-6.478559250000000D-001
-1.595913950000000D-001
-1.720547560000000D-001
-7.056314550000000D-001
 2.912993610000000D-001
-2.534006101000000D-002
 2.545319740000000D-001
 3.630059850000000D-001
 1.101110160000000D-001
 1.928261570000000D-001
 4.515563960000000D-001
 7.890603340000002D-002
 3.578484030000000D-001
 7.623618197000000D-003
-6.705545220000000D-001
 1.038963230000000D-001
-2.391480550000000D-001
 2.881566270000000D-001
-1.196984230000000D+000
-1.288822090000000D+000
-2.879738370000000D-001
-6.277032620000000D-001
-4.199453990000000D-001
-1.250843610000000D-001
 7.139727135000000D-002
 8.335521474000000D-002
 7.713456607000000D-003
-2.860325490000000D-001
-1.707353190000000D+000
-5.600792560000000D-001
-1.967915880000000D-001
-1.240304810000000D-001
-1.316101420000000D-001
 5.428939710000000D-001
-5.431233110000000D-001
 1.870155820000000D-001
 1.443407360000000D-001
 2.158647100000000D-001
-3.044824360000000D-001
-2.147251250000000D-001
 3.763148710000000D-001
 1.628482445000000D-002
 5.604983590000000D-001
-1.742157510000000D-001
-4.354223280000001D-001
-1.326058570000000D-001
-3.143888380000000D-001
-3.856760080000000D-002
 5.116864700000000D-001
-8.774971240000000D-001
-1.384706890000000D+000
-6.750355060000000D-001
-1.642095290000000D-001
-6.879581510000000D-001
-2.288754170000000D-001
-7.189091780000000D-001
-6.796258600000000D-001
-1.658482510000000D-001
-3.395367070000000D-001
-6.055445570000000D-001
 4.657086870000000D-001
-4.025921540000000D-001
-2.057995351000000D-002
-1.487930000000000D-001
-9.461407766000000D-002
-1.601978970000000D-001
-4.950532300000000D-001
-5.325676980000000D-001
 2.492878390000000D-001
-1.617769927000000D-002
 4.725780280000000D-001
 6.842193000000000D-001
-2.829941030000000D-001
-8.194597380000000D-002
 1.973038030000000D-001
 5.339580938000000D-002
 1.069994450000000D-001
-1.941115961000000D-002
-5.174630070000000D-001
-2.225774740000000D-001
 1.827008265000000D-002
-9.510847420000000D-001
-8.662103920000002D-001
-3.516384272000000D-002
-1.053140280000000D+000
-6.315063150000000D-001
-1.267791560000000D-001
-9.338773680000000D-001
 3.288640040000000D-001
-6.632603010000000D-001
 4.650441060000000D-001
-2.605835210000000D-001
 4.439393390000000D-001
 5.264549380000000D-001
 2.511164890000000D-001
 5.213104979000000D-002
 4.857750320000000D-001
-4.050482460000000D-001
 3.106892670000000D-001
-2.106376200000000D-001
-1.303968100000000D-001
-4.491478590000000D-001
-1.964608950000000D-001
 3.527897860000000D-001
-2.445865810000000D-001
 1.057850770000000D-001
-4.637195310000000D-001
 5.118441120000000D-001
-5.481334120000000D-001
-3.646923760000000D-001
 3.744565390000000D-001
-4.763947370000000D-001
 1.443802430000000D-001
-2.009477250000000D-001
 1.874505910000000D-001
-1.907945730000000D-001
-5.852069460000000D-001
-3.634401640000000D-001
-2.212728820000000D-001
-2.374935135000000D-002
 5.248511300000002D-001
-3.862554530000001D-001
 4.056497940000000D-001
-3.790293170000000D-001
-2.597828680000000D-001
 2.139055550000000D-003
 3.531770230000000D-001
-1.584507780000000D-002
-7.517138050000000D-001
 1.090439010000000D-001
-4.126683621000000D-002
-5.237672100000000D-001
 1.118380890000000D-001
 4.563179390000000D-001
-2.607720651000000D-002
 6.551303830000000D-001
-3.818503110000000D-001
 1.930534250000000D-001
-5.729757620000000D-001
 2.188033240000000D-001
 1.073031890000000D+000
 3.719520120000000D-001
-2.574885210000001D-001
-2.656497550000000D-001
 4.926825500000000D-001
-2.374485150000000D-001
-4.153987370000000D-001
-7.256476710000000D-001
-3.864649390000000D-001
-3.354689660000000D-001
 8.237858250000000D-001
-1.508699849000000D-002
-6.344544491000000D-002
 7.171406686000000D-002
-7.437882740000000D-001
-5.456909440000000D-001
-4.068937570000000D-001
-1.008390350000000D-001
 1.164709540000000D-001
 3.879292510000000D-001
-4.153472070000000D-001
 8.567438020000000D-001
-1.596932130000000D-001
-5.924187952000000D-002
-3.410190160000000D-001
 3.704749870000000D-001
-2.371847750000000D-001
-1.187315850000000D-001
 3.898373590000000D-001
-1.461823676000000D-002
 2.762402920000000D-001
 7.667694210000000D-001
-8.682590704000000D-002
 3.492104200000000D-001
 4.545379240000000D-001
 3.914527192000000D-002
 5.316559420000000D-001
-1.499487910000000D-001
 1.686564650000000D-001
 4.065665710000000D-001
-2.748635500000000D-001
 5.214506930000000D-001
-2.110125380000000D-001
 1.761814340000000D-001
-5.505011020000000D-001
 2.900256600000000D-001
 3.770777970000000D-001
 2.159191680000000D-001
 1.576798660000000D-001
-3.376805922000000D-002
-3.412460020000000D-001
-2.551034530000000D-001
-1.957090530000000D-001
-6.568373820000000D-002
-6.002599938000000D-002
 1.512211800000000D-001
-2.269758660000000D-001
 8.744599050000000D-001
 7.003910683000000D-002
 9.441153311000000D-002
-3.965185520000000D-001
 3.785144260000000D-001
 1.321071290000000D-001
-1.045356840000000D+000
 6.870166010000000D-001
-3.696304960000000D-001
 2.079120690000000D-001
 1.268394710000000D-001
 1.376593070000000D-001
-2.113215680000000D-001
 9.240499360000000D-001
 1.944332630000000D-001
 2.006778220000000D-001
-4.726692543000000D-002
-2.543229920000001D-001
-1.217543290000000D+000
-4.604942400000000D-001
-1.848158780000000D-001
-7.884770940000000D-001
-5.419209590000000D-001
 7.798711250000000D-001
-3.008741290000000D-001
 1.158043900000000D-001
 4.241184540000000D-001
-1.640094680000000D-001
 1.612436670000000D-001
-1.089301720000000D+000
 5.132723010000000D-001
 7.024099210000000D-001
-4.820580480000000D-001
-4.278558370000000D-001
-7.112401800000000D-001
-6.245575710000000D-001
-1.048055540000000D+000
-6.159514500000000D-001
-1.584297080000000D-001
 2.040781560000000D-001
 2.909067310000000D-001
 3.377429131000001D-002
 2.429338480000000D-001
-1.172719270000000D-001
 1.681678360000000D-001
 1.354661830000000D-001
-6.589529760000000D-001
-5.213348330000002D-001
-3.605034970000000D-001
-7.651941975000000D-002
-6.659594630000000D-001
-2.454203910000000D-001
-8.517685135000000D-002
 1.285345490000000D-001
-8.109791660000000D-001
-7.229090920000000D-001
 2.637031810000000D-001
 1.306889190000000D-001
 4.184889650000000D-001
-1.950014550000000D-001
-5.579225640000000D-001
 1.155065580000000D-001
-4.643339723000000D-002
-1.144836270000000D+000
-1.268897267000000D-002
 4.040174691000000D-002
-5.549552110000000D-001
-1.567057870000000D-001
-6.811081390000000D-001
-8.898826566000000D-002
-5.688950080000000D-001
-3.703881590000000D-001
 3.248427950000000D-001
 4.444114070000000D-001
 8.624212964000000D-002
-3.069436180000000D-001
 4.687126546000000D-003
-4.680365113000000D-002
 7.123782630000000D-001
 4.057012012000000D-002
 1.083769620000000D-001
-4.108391820000000D-001
 1.357132380000000D-001
 1.365646040000000D-001
 3.448026640000000D-001
 3.487784800000000D-001
 5.450788070000000D-001
 1.029055570000000D+000
 8.500660050000000D-001
 1.149835860000000D+000
-7.002225201000000D-002
-5.609548280000000D-001
-8.523715230000000D-001
-3.177961940000000D-001
-7.461302570000000D-001
-6.376340920000000D-001
-1.113517550000000D-001
-7.495976000000000D-001
 5.426385440000000D-002
 5.651950147000000D-002
-5.810753220000000D-001
 8.790175250000000D-001
-1.342900880000000D-001
 1.525212730000000D-001
 2.920242720000000D-001
 3.244281230000000D-001
-3.746018190000000D-001
-4.240867270000000D-001
 7.555074158000000D-002
-2.455644578000000D-002
-1.166608870000000D-001
-5.658091890000000D-001
 5.251204879000000D-002
 5.091862360000000D-001
-1.494669540000000D-001
-1.004971900000000D-001
 4.775907005000000D-002
-3.899809100000000D-001
 4.008321800000000D-001
-2.271023860000000D-001
-3.508741920000000D-001
 1.379168040000000D-001
 4.241790500000000D-001
-2.155234690000000D-001
 1.654025460000000D-001
 1.503324500000000D-001
-1.501278520000000D-001
 2.081263800000000D-001
 3.840602960000000D-001
 3.929740050000000D-001
-4.634323300000000D-001
 9.663291440000000D-001
 4.754835800000000D-001
 1.213182008000000D-002
-7.568542740000000D-001
-2.030206814000000D-002
-3.047572990000000D-001
-4.242822890000000D-001
 1.353756400000000D-001
 4.493149954000001D-002
 1.791588920000000D-001
 5.805934767000000D-002
 2.104678600000000D-001
-3.075007853000000D-002
-1.210034770000000D-001
 4.485974760000000D-001
-1.827562990000000D-001
 4.734951040000000D-001
 3.432233290000000D-001
 3.422848950000000D-001
 1.491291790000000D-001
 5.669252480000000D-001
 9.181188894000000D-002
 4.192077270000000D-001
 2.204731740000000D-001
-3.011693780000000D-001
 2.602861880000000D-001
 6.009422450000000D-001
-1.979679430000000D-001
-4.098681130000000D-001
 5.168593052000000D-002
-8.061289860000000D-001
 3.694416170000000D-001
-4.933171930000000D-001
 2.923961878000000D-002
 2.880304660000000D-001
-9.268652710000000D-001
 8.273002384000000D-002
 2.360134840000000D-001
-5.230863190000000D-001
-1.047151850000000D-001
-9.619565072000000D-002
-2.170222040000000D-001
-3.557619480000000D-001
-1.981110330000000D-001
-1.072722650000000D-001
-1.590050100000000D-002
-4.562403038000000D-002
-1.198162200000000D-001
 3.558360520000000D-001
-9.746004376000000D-003
-7.152844920000000D-001
-2.307060140000000D-001
 2.843820441000000D-002
-1.193926220000000D-001
 5.668181589000000D-002
 4.936895260000000D-001
 8.894153520000000D-001
 2.027897230000000D-002
-3.050197180000000D-001
 1.758779248000000D-002
 7.502024550000000D-001
-1.837070480000000D-001
-7.725191720000000D-001
 1.028500020000000D+000
-1.166367030000000D-002
-6.022536580000000D-001
 4.964179326000000D-002
-4.533963130000000D-001
-2.100299210000000D-001
 2.957177910000000D-001
-2.668138399000000D-002
-1.608068820000000D-001
 7.691970870000000D-001
 1.550291124000000D-002
 7.824883884000000D-002
-8.049176650000000D-001
-5.555726120000000D-001
-3.288948490000000D-001
 1.119040955000000D-002
 1.253691290000000D-001
-2.345406440000000D-001
-3.155000850000000D-001
 5.585231520000000D-001
-7.240475644000000D-002
-8.735320970000000D-001
 8.039719630000000D-001
-6.402051410000000D-001
-1.066375800000000D-001
 7.319258356000000D-002
-9.358352219000000D-002
-1.216092660000000D-001
-5.005585520000000D-001
-5.768617099000000D-002
-1.595386180000000D-001
-6.176218761000000D-002
-5.922252250000000D-001
-3.100702280000000D-001
-1.887656860000000D-001
-6.336089890000000D-001
-7.680015420000000D-001
-8.355926664000000D-002
-4.649341870000000D-001
 2.679042950000000D-001
-2.089402440000000D-001
-8.105280594000000D-002
-2.669869170000000D-001
 1.314219460000000D-001
 9.614664630000000D-001
 3.796550450000000D-001
-4.713415040000000D-001
 4.518260970000000D-001
-1.457727380000000D-001
 1.036966840000000D-001
-1.527644050000000D-001
-3.544107720000000D-001
-1.155822930000000D-001
 2.163243610000000D-001
-3.267743550000000D-001
-8.465213510000000D-001
-4.212130220000000D-001
 3.328307090000000D-001
 1.826793790000000D-001
 5.744606470000000D-001
-1.414334090000000D-001
 1.418427610000000D-001
-3.390242740000000D-001
-1.008981860000000D-001
 3.820908050000000D-001
-7.245464328000000D-002
-9.648518080000000D-001
-3.495111540000000D-001
-7.964720808000000D-002
-1.030455680000000D-001
 4.977829000000000D-001
-9.363456710000000D-002
-3.090389650000000D-001
 7.315034160000000D-001
-6.262738510000000D-001
 7.429248900000000D-001
 7.506124330000000D-001
 3.231975100000000D-001
 4.697038340000000D-001
 8.452841722000000D-002
-3.522982510000000D-001
-6.512218240000000D-001
 5.563198330000000D-001
-4.831600230000000D-001
-2.424252230000000D-001
 4.039489847000001D-002
-1.185481560000000D-001
-1.945100479000000D-002
 3.990580050000000D-001
 3.974722766000000D-002
-4.805772660000000D-002
 4.468227002000000D-002
-1.227835210000000D-001
 9.752081507000000D-002
-4.713616160000000D-001
-4.613116250000000D-001
 1.851298600000000D-001
 4.399880650000000D-001
-7.420542949000000D-002
-3.627826300000000D-001
 2.100872510000000D-001
 2.274690130000000D-001
-7.174792470000000D-001
-4.111572880000000D-001
 3.865653560000001D-001
 1.068452230000000D+000
-1.157460650000000D-001
 2.680401290000000D-001
-2.688620400000000D-001
 2.319529490000000D-001
-2.150672730000000D-002
 3.297108600000000D-001
 1.361805750000000D-001
 8.685966920000000D-001
 1.381527100000000D-001
 4.300472990000000D-001
-2.061971600000000D-001
 1.673652540000000D-001
-4.048602720000000D-001
-3.169514480000000D-001
-1.255114930000000D-001
-1.443542020000000D-001
 1.426322890000000D-001
-2.799132686000000D-002
-2.037600570000000D-001
 4.497272391000000D-002
-8.886136670000000D-002
-3.162843417000000D-002
 2.607985530000000D-001
-5.557973920000000D-001
 3.227621590000000D-001
-3.765621340000000D-001
-4.569632472000000D-002
 2.958186000000000D-001
 4.125456120000000D-002
 4.548583247000000D-002
 5.084973260000000D-001
 5.504642380000000D-001
-1.932012972000000D-003
 7.648663370000000D-001
 2.072423500000000D-001
 8.567682020000000D-001
 1.247670240000000D-001
 3.491354140000000D-001
-8.759696845000002D-002
-7.271564779000000D-002
 5.519862300000000D-001
 2.987914260000001D-001
 8.454168828000000D-002
-4.345478190000000D-001
-4.347928850000000D-001
-5.234590980000000D-001
 1.215317916000000D-002
-6.023661787000000D-002
-1.790713485000000D-002
-2.473173285000000D-003
 2.922319860000000D-001
 1.411918370000000D-001
-2.472885102000000D-004
-4.970305730000000D-001
 1.762409751000000D-004
 3.307049080000000D-001
 2.642168550000000D-001
 3.361173460000000D-001
 1.662008700000000D-001
 4.900236740000000D-001
 7.665715350000000D-001
 6.397464290000000D-001
 2.433197215000000D-002
 2.023491570000000D-001
 2.230990580000000D-001
 8.405004210000000D-001
 5.284614240000000D-001
-7.079377837000000D-002
 1.996610180000000D-001
 4.905994060000000D-001
-1.886351430000000D-001
 4.740823390000000D-001
 2.236164800000000D-001
 7.177979000000000D-001
-5.332110645000000D-002
-3.359474930000000D-001
-1.071232070000000D-001
 1.596583600000000D-001
-1.388542820000000D-001
-9.277775013000000D-002
