.0475744864000000
-2.26961445080D-4
-.012484453200000
-.004974688090400
.0265674925600000
.0228929616000000
-.021038951460000
.0251258160600000
-.030378957500000
-.032363717020000
.0263426332200000
.0240374767400000
-.002452464057200
-.004167153424000
-.009024828420000
-.020288719020000
-.001212369161000
-.002459646516400
.0014040356950000
.0209512977600000
-.010869868000000
.0282969668200000
.0402783461600000
.0062056796600000
-.009955489340000
-.029944324620000
-.015302110720000
.0341651580600000
-1.04768840660D-4
.0073612172600000
.0138974031000000
.0329837954200000
-.024805921960000
.0022761792014000
.0049924545966000
.0174963201000000
-.027784517800000
.0222922115200000
-.013118282220000
-.018296867440000
-.046477818100000
-9.25802367600D-4
.0791234604000000
.0339842845200000
-.014452751280000
-.026681260300000
-.035023563200000
.0249954481600000
-.019749127120000
.0932149848000000
-.042657683160000
.0059804619600000
.0202752342800000
.0023274908624000
-.018275753100000
-.022668691820000
.0124558653200000
-.017143803680000
-.001681840239600
-.005988999020000
-.015055998320000
-.020669534320000
.0068325842400000
.0018111728260000
.0217963800000000
.0493132953600000
.0632161490000000
-.016432684500000
.0356907659400000
-.005570741804800
.0117060432600000
-.011661878280000
.0060153673800000
.0117953384800000
.0461514099400000
.0081308820600000
-.002348624738800
.0091025636400000
-.044737356060000
-.022559004760000
-.038513382700000
-.011046435440000
-.014198223200000
-.013794478640000
.0270218468000000
.0528388930600000
-.021462573440000
-.047307433060000
-.042647978540000
-.008369665420000
-.019097160460000
-.004910253344000
.0283364962400000
.0367975145600000
7.217303352000D-4
.0107747292000000
.0085998481400000
-.012572008640000
-.033586227480000
.0024712813096000
.0042503621884000
-.012182604260000
-.017100465240000
.0021125106406000
.0222426133400000
-.018176296640000
-.022787210720000
.0319840461600000
-.003747356070000
.0051996892716000
.0091551674200000
.0223321686600000
.0300970784600000
.0023614835048000
.0189044668200000
.0363824238600000
-.010040114320000
-.002405144700000
-5.69230977040D-4
-.019149533040000
-.019652173400000
-.001055085419400
-.006971812880000
-.001711185762000
-.016782166420000
-.026098994660000
.0127179536400000
-.014640474120000
.0385097991000000
.0370660302400000
-7.75163949800D-4
.0060566019000000
-.005798079840000
.0433019797600000
.0090997950200000
-.009338850040000
-.028144964380000
-.010407306160000
-.027132400860000
-.012630473340000
-.019664028180000
.0096062155000000
-.019626435060000
-.026550955980000
.0223935580400000
-.012201799640000
-.062799873400000
.0227619752400000
-.033625924520000
-.003826679807400
.0686033402000000
.0023878548704000
.0146935981000000
-.013925649960000
-.031308890140000
.0109071779000000
.0088195690600000
-.008993784040000
7.750706606000D-5
.0607338702000000
-.012198886520000
-.017529595560000
.0090506592400000
.0160891791000000
.0100412240800000
-.019793846980000
.0464161166000000
-.011444902860000
-.005649626320000
-.015904716180000
.0232098732200000
-.006352890480000
-.015496994980000
-.001042998167800
.0492342423000000
-.014356560520000
-.009392875700000
.0427278119000000
-7.07484773800D-4
-.010611762100000
-.015610907220000
-.031760036480000
-.015985630400000
.0371981437000000
.0085904498600000
-.005567032778800
.0333311792000000
-.008531632580000
-.015583533140000
-.002808699040200
-.018247020720000
-.008744088040000
-.015406549540000
.0124657028800000
-.003321037488800
-.038481384620000
-.032759340680000
-.035675928680000
-.026702496020000
-.010028860660000
.0121404391600000
-.037214420180000
.0358890083800000
.0017875809468000
-.023140703960000
.0024714551142000
.0107472106200000
.0099762742200000
-.013979097620000
.0449373787400000
.0253881471400000
-.020109440760000
-.003187154770800
.0033835050122000
.0274745537400000
-.020174801000000
-.002614234928400
.0180278026600000
-.033563494740000
.0165390654000000
-.014292321600000
-.041259801720000
5.644208090200D-4
.0057792620096000
-.040549254760000
-.003715323945800
.0302074591200000
.0633731916000000
-.022133585200000
-.001503504697600
.0214265640400000
-.018368545220000
-.035009436880000
.0120101926400000
.0059287656400000
5.575158071600D-4
-.004949999571800
-.017382569700000
.0369941443800000
.0423654174600000
.0570090474600000
-.019199853720000
-.004440550256200
.0342442515800000
-.003036337288600
.0031042874888000
.0297456775800000
-.009988626080000
.0048474845670000
.0174172959400000
-.013920552000000
.0635944500000000
.0467200290000000
.0182416973400000
-.015174314920000
-9.94888222200D-4
-.007618687360000
.0180206412400000
.0296977613800000
.0456803168200000
7.967521920000D-5
-.015501815500000
-.020609035060000
-.015716033860000
.0179575756600000
.0282029031000000
6.892185288000D-4
.0021590775574000
-.014678229080000
-.030737190340000
.0181165719000000
.0416045035800000
.0183406625000000
8.216972270000D-4
-.019868449440000
.0254014816000000
-.008565931100000
.0030783434386000
.0242392334200000
.0295645497200000
-.027815186480000
.0590006794000000
.0043938308052000
-.024801245940000
-.033241727920000
-.013809211860000
-.014779569820000
-.011543278460000
.0016594803096000
.0470074106000000
.0182189299200000
-.032528689780000
-.004406772398600
-.008385618220000
.0114903856800000
-.022638999960000
7.984702392000D-4
.0020579062870000
-.002036122507400
-.011650272040000
