-0.0796529
0.327695
-0.399489
0.693728
-0.657564
0.34835
0.929721
-0.256496
0.111412
0.0235248
-0.270642
0.500954
0.218055
-0.84159
-0.391472
-1.23505
0.00942899
0.438506
-0.0928018
0.0203545
-0.203452
-0.371162
-0.086036
0.147366
-0.153066
-0.212287
0.0992752
-0.449863
-1.14044
-0.216185
-0.484352
0.0590198
0.527972
-0.615394
-0.168084
0.498484
-0.210686
0.0542774
-0.352977
0.0892517
0.728849
1.04263
0.364479
0.778088
0.250261
-0.592715
0.457849
-0.144965
-0.111999
-0.194108
-0.233293
0.183633
0.16319
-0.025152
0.0319716
0.164837
0.233103
-0.379491
0.166653
-0.15256
0.589462
0.0398298
-0.181105
0.135688
0.531166
0.617865
0.400525
-0.532771
0.168407
0.424351
-0.664989
0.2361
0.199286
-0.315456
0.148792
-0.876586
0.594116
-0.354959
0.0236878
-0.678208
-0.889009
-0.111005
0.500608
-0.298362
1.14796
0.0678281
-0.433324
1.0625
-0.311438
-0.0135507
0.621108
-0.544775
-0.222896
0.426272
-1.04664
0.298843
0.576824
0.413039
-0.702875
0.0823179
0.249004
-0.185092
-0.0517456
0.289848
-0.0434529
0.891949
0.674245
-0.180967
-0.296828
0.191259
-0.208798
-0.43779
0.306815
0.647075
-0.327103
0.463503
0.0792867
0.325351
-1.26995
0.168147
-0.151626
-0.139202
0.786235
0.6394
-0.866112
-0.173229
-0.355772
-0.389199
-0.402531
0.151727
-0.0639939
-0.746229
0.194494
-0.87491
0.505305
0.128916
-0.0452429
-0.332351
0.000179382
0.312395
-0.856922
0.690111
-0.0218829
0.652796
0.25581
-0.217254
-0.00607375
0.0328052
0.288405
-0.134728
-0.0606967
-0.836538
-0.415725
0.58621
-0.277831
-0.0617009
-0.138899
-0.231801
0.130659
-0.511268
0.428082
0.163502
-0.641134
-0.380811
0.280301
0.318786
-0.875764
0.732685
-0.000411808
0.877172
-0.293316
1.06345
0.198731
-0.576388
0.516173
0.0809746
-0.855696
-0.995079
0.36423
-0.426983
-0.28195
-0.0228031
-0.68649
0.0168672
-0.276233
0.469608
-0.146416
1.04883
0.208394
-1.02397
-0.30662
0.873658
0.613182
0.0434119
0.246985
0.397707
0.576011
1.1865
-0.515241
-0.126573
0.290972
0.198967
0.37193
-0.00569085
-0.313093
0.326886
-0.583103
0.0685703
-0.0841622
-0.677046
-0.494284
-0.0288889
-0.044924
-0.26916
-0.0409158
-0.806051
-0.117264
0.151747
0.442281
-0.130617
0.299085
0.479143
0.43357
0.492933
0.281402
0.881313
0.353575
0.0129083
0.286687
0.177571
-0.317589
0.201039
-0.391201
0.122616
0.538572
-0.15925
0.10153
-0.114691
0.771415
-0.18634
-0.116949
0.867434
0.575096
-0.458602
0.75977
-0.120203
-0.429755
0.456933
-0.322251
-0.193744
0.627832
-0.985868
0.691021
-0.436956
-0.0608861
-0.299375
0.600535
-0.542976
0.872316
0.809204
0.824795
-0.364134
-0.10416
0.225362
-0.386788
-0.137734
-0.630589
-0.192808
0.431275
0.166699
-0.00469279
-0.140492
-0.0423672
0.904985
0.115125
-0.026501
-0.283753
0.427797
-1.07483
0.385645
-0.929302
-0.679651
-0.54912
0.333993
0.113269
0.975149
0.876492
0.630654
0.392322
-0.143642
-0.373182
-0.186145
-0.0235877
-0.0629677
0.332144
-0.574509
0.593259
0.907589
0.171049
0.0813192
0.312363
0.0861059
-0.0234984
-0.0514589
0.0228516
0.0297749
-0.318477
-0.446956
-0.611687
-0.217492
-0.0725187
-0.0599142
-1.24798
0.240926
-0.853357
0.69039
0.875019
0.186189
0.499965
-0.340216
-0.515188
0.344022
-0.451927
-0.409208
0.574717
-0.350101
0.352902
0.879216
0.528218
-0.251132
-0.806209
-0.280907
-0.493435
-0.360182
0.0294733
0.0997601
0.108594
0.733591
-0.620055
0.320179
-0.54947
0.12555
-0.112202
-1.04502
-0.127659
-0.199128
-0.633142
-1.08713
0.245412
-0.0619854
0.806533
0.43448
0.578753
0.228876
0.0873084
-1.14713
-0.384392
-0.435469
1.2408
0.23282
0.236835
-0.0657064
0.568337
0.234865
-0.488564
0.457961
-0.337059
0.970829
-0.109473
-0.156119
0.0372323
-0.429025
-0.373681
0.175065
0.175825
-0.377976
-0.457079
-0.379385
0.0192775
0.320357
-0.325824
0.320302
-0.720353
-0.0947996
-0.560017
0.0411897
-0.151676
0.487601
-0.206835
-0.210577
-0.115006
0.00658725
-0.300702
0.655372
0.0062147
0.12798
-0.402535
0.45323
-0.572608
0.299119
-1.2661
-0.298392
-0.730498
-0.538867
0.0683331
-0.554514
-0.195124
0.0678686
0.523012
-0.316893
-0.289367
-0.418623
-0.0393227
0.62593
-0.306576
0.0348674
-0.0923121
-0.985014
0.748242
0.219117
-0.178307
-0.165316
0.00346874
0.929024
-0.333817
-0.394663
0.0619986
-0.115439
-0.30106
0.182058
-0.358838
-0.0146182
-0.958849
0.779252
-0.296221
-0.088342
0.0802954
0.688377
-0.448095
0.874303
0.18397
0.236783
0.0578365
0.315735
-0.112207
-0.520496
0.48418
0.458367
0.338496
-0.627503
0.864471
-0.353801
0.275219
-0.27183
0.891084
0.00526826
0.156992
-1.58255
0.0447663
-0.00657496
0.0930603
0.209894
-0.24362
1.00714
-0.00744568
-0.337349
-1.01263
0.423856
-0.240249
0.081402
0.745253
0.0761464
0.449685
-0.446851
0.419705
0.654521
0.421416
0.0357684
0.244249
0.314542
-0.0461131
-0.0484919
0.954132
0.0672635
-0.365905
1.09946
-0.669103
-0.210845
-0.399993
0.351841
0.211759
-0.940205
0.165383
-0.991109
0.122141
-0.320211
0.499371
-0.122685
-0.431168
-0.256311
0.122091
-0.330231
0.381927
0.448521
0.46174
0.463943
0.711237
-0.658766
-0.0314456
0.461792
0.196775
-0.00835666
-0.013207
0.781799
0.0746178
-0.280834
-0.606995
1.13196
-0.0283188
-0.474949
-0.229287
0.345422
0.230151
0.298073
-1.00556
0.442062
-0.340947
0.402473
0.439027
0.122372
-0.374335
0.333981
0.240156
0.632627
0.257143
-0.226887
0.213932
0.61127
0.0712354
-0.555057
-0.669826
-0.171431
-0.3855
0.00988474
-0.474138
-0.377786
0.250035
0.00458988
-0.4488
-0.319648
0.437697
-0.0397346
-0.650479
0.726846
-0.417715
-0.155759
-0.108712
0.0993681
-0.602109
0.0575604
-0.0558951
0.251986
0.864804
0.511585
-0.0908343
0.870092
-0.655658
0.670824
-0.130049
-0.899365
-0.720048
-0.416985
-0.205189
0.00956835
0.179019
0.0411754
-0.435089
-0.641076
-0.225706
-0.0852374
0.585658
0.111893
-1.01402
0.256966
0.240757
-0.339809
-0.273705
0.264247
-0.529599
-0.178365
-0.885441
0.0396395
-0.241698
-0.370527
0.850248
0.000743487
0.271095
0.360615
0.418051
-0.120464
0.754362
-0.214891
-0.210117
-1.11987
-0.0432084
0.150109
0.613805
1.06045
-0.204862
0.626242
-0.169203
0.170483
0.273875
-0.00710231
-0.239624
-0.253493
-0.00720771
-0.571653
-0.190098
-0.2782
0.495489
0.0730061
0.569348
-0.57145
0.062721
0.486058
1.02736
1.10899
-1.14839
-0.524772
0.128623
-0.730315
-0.0110905
-0.000101398
0.281321
0.0296636
0.109849
0.34947
0.0613661
-0.399362
0.323776
-0.699562
-0.0290537
0.264709
0.158005
-0.634478
0.101284
0.0392419
-0.631943
-0.566752
-0.716509
-0.105218
0.9674
0.0257152
0.462276
0.301858
0.227519
-0.500151
-0.0731609
0.19679
-0.486195
-0.335099
0.65492
0.645752
-0.0720559
0.9526
0.0690607
-0.817654
0.51555
-0.250317
0.427258
-0.074012
0.802183
0.653074
0.422717
0.0056521
-0.6017
-0.421331
0.490665
-0.734356
-0.333507
-0.741849
0.647713
-0.558011
-0.662444
0.262998
-0.0319371
0.00106304
0.166681
0.00759336
-0.17123
0.0701167
0.716583
0.439916
0.778095
0.219936
-0.0765339
0.625396
-0.260493
-0.171571
-0.936671
0.723231
-0.671699
-0.340721
0.253026
-0.0190578
-0.246064
0.114024
0.122378
-0.111334
0.421785
-0.765619
-0.333117
-0.0598333
-0.207844
-0.340125
0.711204
-0.00740988
-0.896921
-0.553618
-0.480561
-0.169527
0.0980258
-1.33086
-0.137628
-0.31665
-0.417553
-0.240362
0.247567
0.0320828
-0.238196
0.101788
0.18808
-0.40382
-0.849146
-0.513096
-0.445122
0.42119
0.0587359
-0.103542
-0.230645
-0.786576
0.00856007
-0.200354
-0.0315238
-0.629691
0.176595
-0.0327586
1.58456
0.298323
-0.0512414
0.78843
-0.933988
-0.124169
0.113453
0.218314
-0.219825
-1.05882
-0.170633
-0.192244
-1.22175
0.64875
0.948143
0.039759
0.475503
-0.10795
-0.688604
-0.0344993
0.413924
1.37614
0.0183165
0.430099
-0.201323
-0.0392727
0.836767
-0.0290992
-0.425091
0.734477
0.0501298
0.695201
-0.245681
-0.995263
-0.00448341
0.170998
-0.212809
0.241043
0.111973
0.711122
-0.181059
-0.231781
0.186498
-0.165037
0.196302
0.477192
0.611157
0.0197761
0.101905
0.220612
-0.180024
0.0165227
0.416672
-0.354128
-0.365896
-0.784408
-0.712484
-0.206156
0.256256
0.336061
-0.0687237
-0.293382
0.508248
0.440404
-0.0710614
0.139707
0.0624647
0.843396
1.24113
0.414136
-0.132636
0.897602
1.01093
0.0414091
-0.847858
0.310888
0.00265391
0.417218
-0.0989858
-0.501625
0.114291
0.0126502
0.487371
-0.167369
0.363207
-0.357156
0.499582
0.06858
0.385485
-0.17421
1.08213
0.715325
0.278005
-0.836474
-0.135083
-0.0896472
-0.646485
0.357022
-0.109094
-0.343479
0.404663
0.0535817
-0.254293
0.350823
-0.129921
0.155463
-0.583013
-0.971212
0.293756
-0.146622
-0.961934
1.34762
-0.73126
0.367305
-0.077433
-0.317543
-0.523475
1.24366
0.817214
0.173228
0.158914
0.123327
-0.160675
0.14797
-0.373662
0.230836
-0.11139
0.230985
-0.6946
-0.31039
-0.457239
-0.0770243
0.162557
0.205798
-0.105248
0.563576
-0.407308
-0.313162
-0.586168
0.56997
-0.335167
0.569116
-0.362835
0.464626
-0.260673
-0.48432
0.00587161
0.145263
-0.688897
0.331469
-0.756202
0.212671
