0.342695
-0.0211234
0.528378
-0.0128193
0.19624
-0.402925
0.568336
-0.587282
0.194513
-0.205745
0.729677
-0.340682
0.165033
0.495512
0.258519
-0.23612
-0.3307
-0.256546
0.0473915
0.300486
-0.394712
0.212988
-0.260865
-0.321179
0.499141
0.651492
-0.823061
0.413272
0.0995881
-0.65279
0.145261
-0.661937
-0.306419
-0.496861
0.511012
0.0209977
-0.402762
-0.466429
-0.282411
0.975324
0.0464934
-1.01813
-0.505767
0.0761742
-0.81806
0.138443
0.104964
0.285623
-0.83774
-0.873394
-0.814032
-0.393511
-0.182278
1.14095
-0.496462
0.0405487
0.400387
0.273901
0.139507
0.936655
0.11166
-0.647673
0.386878
-0.0103927
0.261974
-0.420621
-0.11967
0.34192
-0.828645
0.203787
0.738559
0.328811
-0.815464
-0.0874259
0.28527
-0.437412
-0.75158
0.832751
-0.606177
-5.83556e-05
-0.216511
-0.494172
-0.0885466
-0.698752
0.716477
0.230883
-0.662579
0.254251
-0.498616
0.580633
0.267627
0.401133
-0.273928
0.438243
-0.457389
-0.319891
0.55257
0.33248
0.0584779
0.218426
