========================= MT-DREAM_ZS output file =========================

TABLE 1: MT-DREAM_ZS POSTERIOR PARAMETER STATISTICS
|-----------------------------------------------------|
| Parameter      ML        MAP      MEAN      STD     |
|-----------------------------------------------------|
|   x_{1}      -1.251    -1.251    -1.259    +0.100   |
|   x_{2}      +1.713    +1.713    +1.740    +0.294   |
|   x_{3}      -0.798    -0.798    -0.900    +0.391   |
|   x_{4}      +0.268    +0.268    +0.404    +0.323   |
|   x_{5}      -0.106    -0.106    -0.073    +0.191   |
|   x_{6}      -0.366    -0.366    -0.388    +0.121   |
|   x_{7}      +0.346    +0.346    +0.267    +0.198   |
|   x_{8}      -1.294    -1.294    -1.294    +0.648   |
|   x_{9}      -0.814    -0.814    -0.852    +0.282   |
|   x_{10}     +0.196    +0.196    +0.260    +0.189   |
|   x_{11}     -0.758    -0.758    -0.889    +0.299   |
|   x_{12}     -0.689    -0.689    -0.537    +0.423   |
|   x_{13}     +0.379    +0.379    +0.413    +0.189   |
|   x_{14}     +0.213    +0.213    +0.337    +0.468   |
|   x_{15}     +0.999    +0.999    +0.713    +0.389   |
|   x_{16}     -1.755    -1.755    -1.375    +0.515   |
|   x_{17}     +1.838    +1.838    +1.654    +0.339   |
|   x_{18}     +2.037    +2.037    +1.508    +0.464   |
|   x_{19}     +1.474    +1.474    +1.363    +0.490   |
|   x_{20}     -1.119    -1.119    -1.044    +0.547   |
|   x_{21}     +1.617    +1.617    +1.285    +0.545   |
|   x_{22}     +1.489    +1.489    +1.674    +0.480   |
|   x_{23}     -0.164    -0.164    -0.199    +0.405   |
|   x_{24}     -0.686    -0.686    -0.591    +0.345   |
|   x_{25}     -0.359    -0.359    -0.604    +0.645   |
|   x_{26}     -0.669    -0.669    -0.980    +0.678   |
|   x_{27}     -0.155    -0.155    -0.081    +0.360   |
|   x_{28}     -1.090    -1.090    -1.080    +0.439   |
|   x_{29}     -1.701    -1.701    -1.589    +0.243   |
|   x_{30}     +0.435    +0.435    +0.269    +0.542   |
|   x_{31}     +0.205    +0.205    +0.220    +0.468   |
|   x_{32}     +0.138    +0.138    +0.062    +0.372   |
|   x_{33}     -0.634    -0.634    -0.630    +0.686   |
|   x_{34}     +1.081    +1.081    +1.234    +0.384   |
|   x_{35}     -0.059    -0.059    +0.022    +0.468   |
|   x_{36}     -1.386    -1.386    -1.273    +0.485   |
|-----------------------------------------------------|
ML: Maximum Likelihood values
MAP: Maximum A-Posteriori density values
MEAN: Posterior mean values
STD: Posterior standard deviation

TABLE 2: MT-DREAM_ZS POSTERIOR CORRELATION COEFFICIENTS
|-----------------------------------------------------------------------------------------------------------------------------------------------------------------------------------------------------------------------------------------------------------------------------------------------------------------------------------------------|
|             x_{1}    x_{2}    x_{3}    x_{4}    x_{5}    x_{6}    x_{7}    x_{8}    x_{9}   x_{10}   x_{11}   x_{12}   x_{13}   x_{14}   x_{15}   x_{16}   x_{17}   x_{18}   x_{19}   x_{20}   x_{21}   x_{22}   x_{23}   x_{24}   x_{25}   x_{26}   x_{27}   x_{28}   x_{29}   x_{30}   x_{31}   x_{32}   x_{33}   x_{34}   x_{35}   x_{36}  |
|   x_{1}     1.00     0.68    -0.32     0.22    -0.64    -0.39    -0.41    -0.64     0.11     0.09    -0.60    -0.01     0.23     0.16    -0.08    -0.06    -0.41    -0.37    -0.30     0.09     0.25     0.25    -0.20     0.22     0.33    -0.06    -0.12    -0.32     0.33    -0.23    -0.23    -0.01     0.01     0.46     0.01     0.31   |
|   x_{2}     0.68     1.00    -0.77     0.64    -0.61    -0.66    -0.09    -0.92     0.58     0.12    -0.57    -0.03     0.51     0.07     0.15    -0.20    -0.36    -0.16    -0.46     0.19    -0.11     0.33    -0.44     0.19     0.33    -0.11     0.09    -0.11     0.25    -0.07    -0.33    -0.31     0.17     0.32    -0.04     0.44   |
|   x_{3}    -0.32    -0.77     1.00    -0.89     0.08     0.55     0.04     0.80    -0.73    -0.24     0.50     0.29    -0.49    -0.36    -0.42     0.16     0.02     0.29     0.46    -0.45     0.31    -0.54     0.22     0.08    -0.32    -0.02    -0.14     0.17    -0.30    -0.30     0.25     0.17     0.06    -0.30     0.15    -0.21   |
|   x_{4}     0.22     0.64    -0.89     1.00     0.06    -0.47    -0.26    -0.59     0.50     0.42    -0.60    -0.08     0.23     0.22     0.36     0.02    -0.01    -0.17    -0.37     0.21    -0.43     0.53    -0.40    -0.01     0.07    -0.27     0.41    -0.23     0.13     0.33    -0.34    -0.15    -0.07     0.14    -0.06     0.16   |
|   x_{5}    -0.64    -0.61     0.08     0.06     1.00     0.54    -0.10     0.56    -0.12     0.35     0.40    -0.47    -0.30    -0.04     0.29    -0.04     0.63    -0.06     0.22     0.16    -0.25     0.07     0.42    -0.39    -0.05     0.03     0.20     0.04     0.03     0.40     0.23     0.30    -0.24    -0.11     0.11    -0.09   |
|   x_{6}    -0.39    -0.66     0.55    -0.47     0.54     1.00    -0.05     0.70    -0.32     0.28     0.41    -0.39    -0.11    -0.47     0.11    -0.42     0.51     0.20     0.50    -0.21     0.34    -0.07     0.16    -0.07     0.23    -0.23     0.11     0.27     0.03     0.15    -0.14     0.41    -0.32    -0.08     0.50     0.15   |
|   x_{7}    -0.41    -0.09     0.04    -0.26    -0.10    -0.05     1.00    -0.08     0.54    -0.44     0.38    -0.11     0.11     0.00    -0.11    -0.21     0.19     0.08     0.23    -0.03     0.05    -0.03     0.23    -0.02     0.06     0.34    -0.13     0.38    -0.16     0.23     0.29    -0.19     0.23     0.11    -0.13    -0.09   |
|   x_{8}    -0.64    -0.92     0.80    -0.59     0.56     0.70    -0.08     1.00    -0.70     0.08     0.47     0.11    -0.51    -0.35    -0.19     0.13     0.17     0.30     0.43    -0.35     0.05    -0.45     0.15    -0.00    -0.29    -0.11     0.00     0.18    -0.23    -0.02     0.13     0.34    -0.08    -0.40     0.15    -0.24   |
|   x_{9}     0.11     0.58    -0.73     0.50    -0.12    -0.32     0.54    -0.70     1.00     0.12    -0.17    -0.47     0.43     0.18     0.28    -0.44     0.21    -0.29    -0.12     0.30    -0.01     0.45     0.03    -0.03     0.43     0.11     0.08     0.08     0.30     0.45    -0.12    -0.19     0.07     0.49     0.00     0.31   |
|  x_{10}     0.09     0.12    -0.24     0.42     0.35     0.28    -0.44     0.08     0.12     1.00    -0.32    -0.37    -0.08    -0.29     0.18    -0.33     0.03    -0.19     0.12    -0.11     0.11     0.21    -0.26     0.32     0.30    -0.53     0.39     0.01     0.33     0.29    -0.50     0.32    -0.11     0.36     0.35     0.48   |
|  x_{11}    -0.60    -0.57     0.50    -0.60     0.40     0.41     0.38     0.47    -0.17    -0.32     1.00    -0.29    -0.29    -0.32     0.01    -0.26     0.52     0.29     0.26     0.08    -0.11    -0.30     0.57    -0.29    -0.20     0.36    -0.22     0.41    -0.18    -0.09     0.56    -0.06     0.22    -0.30     0.01    -0.07   |
|  x_{12}    -0.01    -0.03     0.29    -0.08    -0.47    -0.39    -0.11     0.11    -0.47    -0.37    -0.29     1.00    -0.22     0.08    -0.41     0.70    -0.57     0.29    -0.09    -0.43    -0.11    -0.28    -0.46     0.27    -0.63    -0.18     0.11    -0.11    -0.46    -0.36    -0.05    -0.28     0.14    -0.44    -0.26    -0.45   |
|  x_{13}     0.23     0.51    -0.49     0.23    -0.30    -0.11     0.11    -0.51     0.43    -0.08    -0.29    -0.22     1.00     0.18     0.29    -0.25    -0.18    -0.04    -0.21     0.30     0.23     0.14    -0.20    -0.17     0.66     0.18    -0.12     0.09     0.24    -0.08    -0.34    -0.11    -0.34     0.10    -0.00     0.24   |
|  x_{14}     0.16     0.07    -0.36     0.22    -0.04    -0.47     0.00    -0.35     0.18    -0.29    -0.32     0.08     0.18     1.00     0.21     0.52    -0.05    -0.45    -0.35     0.51     0.06     0.32     0.37    -0.28    -0.08     0.43    -0.24    -0.40     0.10     0.10     0.19     0.05    -0.41     0.18    -0.52    -0.56   |
|  x_{15}    -0.08     0.15    -0.42     0.36     0.29     0.11    -0.11    -0.19     0.28     0.18     0.01    -0.41     0.29     0.21     1.00    -0.25     0.46     0.24    -0.45     0.51    -0.15     0.48     0.05    -0.09     0.20    -0.04     0.18     0.15     0.12     0.22    -0.24     0.22    -0.43    -0.11     0.00     0.07   |
|  x_{16}    -0.06    -0.20     0.16     0.02    -0.04    -0.42    -0.21     0.13    -0.44    -0.33    -0.26     0.70    -0.25     0.52    -0.25     1.00    -0.41    -0.16    -0.20    -0.08    -0.18    -0.15     0.03    -0.11    -0.56     0.14     0.04    -0.31    -0.28    -0.21     0.33    -0.07    -0.08    -0.25    -0.48    -0.58   |
|  x_{17}    -0.41    -0.36     0.02    -0.01     0.63     0.51     0.19     0.17     0.21     0.03     0.52    -0.57    -0.18    -0.05     0.46    -0.41     1.00     0.05     0.13     0.32    -0.11     0.37     0.51    -0.40     0.01     0.07     0.21     0.13    -0.04     0.40     0.21     0.01    -0.21    -0.02     0.24    -0.08   |
|  x_{18}    -0.37    -0.16     0.29    -0.17    -0.06     0.20     0.08     0.30    -0.29    -0.19     0.29     0.29    -0.04    -0.45     0.24    -0.16     0.05     1.00     0.19    -0.41    -0.09    -0.23    -0.38     0.17    -0.29    -0.31     0.08     0.29    -0.55    -0.25    -0.25     0.02     0.03    -0.68     0.20    -0.02   |
|  x_{19}    -0.30    -0.46     0.46    -0.37     0.22     0.50     0.23     0.43    -0.12     0.12     0.26    -0.09    -0.21    -0.35    -0.45    -0.20     0.13     0.19     1.00    -0.72     0.52    -0.16     0.13     0.04    -0.04    -0.28     0.03     0.03    -0.25     0.02     0.00     0.25    -0.05     0.12     0.45     0.11   |
|  x_{20}     0.09     0.19    -0.45     0.21     0.16    -0.21    -0.03    -0.35     0.30    -0.11     0.08    -0.43     0.30     0.51     0.51    -0.08     0.32    -0.41    -0.72     1.00    -0.30     0.23     0.38    -0.44     0.29     0.61    -0.23    -0.05     0.32     0.18     0.21    -0.15    -0.17     0.08    -0.43    -0.21   |
|  x_{21}     0.25    -0.11     0.31    -0.43    -0.25     0.34     0.05     0.05    -0.01     0.11    -0.11    -0.11     0.23     0.06    -0.15    -0.18    -0.11    -0.09     0.52    -0.30     1.00    -0.00     0.13     0.17     0.39    -0.10    -0.09    -0.05     0.13    -0.15    -0.29     0.42    -0.43     0.40     0.33     0.13   |
|  x_{22}     0.25     0.33    -0.54     0.53     0.07    -0.07    -0.03    -0.45     0.45     0.21    -0.30    -0.28     0.14     0.32     0.48    -0.15     0.37    -0.23    -0.16     0.23    -0.00     1.00     0.02     0.23     0.01    -0.26     0.50     0.18     0.17     0.21    -0.19     0.16    -0.42     0.41     0.02     0.06   |
|  x_{23}    -0.20    -0.44     0.22    -0.40     0.42     0.16     0.23     0.15     0.03    -0.26     0.57    -0.46    -0.20     0.37     0.05     0.03     0.51    -0.38     0.13     0.38     0.13     0.02     1.00    -0.45    -0.05     0.50    -0.36    -0.10     0.14     0.07     0.67     0.08    -0.12     0.23    -0.12    -0.19   |
|  x_{24}     0.22     0.19     0.08    -0.01    -0.39    -0.07    -0.02    -0.00    -0.03     0.32    -0.29     0.27    -0.17    -0.28    -0.09    -0.11    -0.40     0.17     0.04    -0.44     0.17     0.23    -0.45     1.00    -0.19    -0.56     0.35     0.43     0.02    -0.17    -0.42     0.16     0.12     0.22     0.12     0.24   |
|  x_{25}     0.33     0.33    -0.32     0.07    -0.05     0.23     0.06    -0.29     0.43     0.30    -0.20    -0.63     0.66    -0.08     0.20    -0.56     0.01    -0.29    -0.04     0.29     0.39     0.01    -0.05    -0.19     1.00     0.22    -0.17    -0.02     0.48     0.19    -0.32     0.19    -0.18     0.44     0.23     0.50   |
|  x_{26}    -0.06    -0.11    -0.02    -0.27     0.03    -0.23     0.34    -0.11     0.11    -0.53     0.36    -0.18     0.18     0.43    -0.04     0.14     0.07    -0.31    -0.28     0.61    -0.10    -0.26     0.50    -0.56     0.22     1.00    -0.47    -0.00     0.04     0.01     0.64    -0.27     0.14    -0.00    -0.58    -0.40   |
|  x_{27}    -0.12     0.09    -0.14     0.41     0.20     0.11    -0.13     0.00     0.08     0.39    -0.22     0.11    -0.12    -0.24     0.18     0.04     0.21     0.08     0.03    -0.23    -0.09     0.50    -0.36     0.35    -0.17    -0.47     1.00     0.37    -0.14     0.18    -0.26     0.01    -0.16     0.02     0.18     0.05   |
|  x_{28}    -0.32    -0.11     0.17    -0.23     0.04     0.27     0.38     0.18     0.08     0.01     0.41    -0.11     0.09    -0.40     0.15    -0.31     0.13     0.29     0.03    -0.05    -0.05     0.18    -0.10     0.43    -0.02    -0.00     0.37     1.00    -0.12    -0.07     0.03    -0.01     0.03    -0.09    -0.15     0.11   |
|  x_{29}     0.33     0.25    -0.30     0.13     0.03     0.03    -0.16    -0.23     0.30     0.33    -0.18    -0.46     0.24     0.10     0.12    -0.28    -0.04    -0.55    -0.25     0.32     0.13     0.17     0.14     0.02     0.48     0.04    -0.14    -0.12     1.00     0.15    -0.16     0.18    -0.07     0.43     0.20     0.44   |
|  x_{30}    -0.23    -0.07    -0.30     0.33     0.40     0.15     0.23    -0.02     0.45     0.29    -0.09    -0.36    -0.08     0.10     0.22    -0.21     0.40    -0.25     0.02     0.18    -0.15     0.21     0.07    -0.17     0.19     0.01     0.18    -0.07     0.15     1.00    -0.12     0.06     0.06     0.29     0.05    -0.10   |
|  x_{31}    -0.23    -0.33     0.25    -0.34     0.23    -0.14     0.29     0.13    -0.12    -0.50     0.56    -0.05    -0.34     0.19    -0.24     0.33     0.21    -0.25     0.00     0.21    -0.29    -0.19     0.67    -0.42    -0.32     0.64    -0.26     0.03    -0.16    -0.12     1.00    -0.28     0.38    -0.02    -0.37    -0.33   |
|  x_{32}    -0.01    -0.31     0.17    -0.15     0.30     0.41    -0.19     0.34    -0.19     0.32    -0.06    -0.28    -0.11     0.05     0.22    -0.07     0.01     0.02     0.25    -0.15     0.42     0.16     0.08     0.16     0.19    -0.27     0.01    -0.01     0.18     0.06    -0.28     1.00    -0.51     0.17     0.21     0.17   |
|  x_{33}     0.01     0.17     0.06    -0.07    -0.24    -0.32     0.23    -0.08     0.07    -0.11     0.22     0.14    -0.34    -0.41    -0.43    -0.08    -0.21     0.03    -0.05    -0.17    -0.43    -0.42    -0.12     0.12    -0.18     0.14    -0.16     0.03    -0.07     0.06     0.38    -0.51     1.00     0.04    -0.01     0.15   |
|  x_{34}     0.46     0.32    -0.30     0.14    -0.11    -0.08     0.11    -0.40     0.49     0.36    -0.30    -0.44     0.10     0.18    -0.11    -0.25    -0.02    -0.68     0.12     0.08     0.40     0.41     0.23     0.22     0.44    -0.00     0.02    -0.09     0.43     0.29    -0.02     0.17     0.04     1.00     0.15     0.34   |
|  x_{35}     0.01    -0.04     0.15    -0.06     0.11     0.50    -0.13     0.15     0.00     0.35     0.01    -0.26    -0.00    -0.52     0.00    -0.48     0.24     0.20     0.45    -0.43     0.33     0.02    -0.12     0.12     0.23    -0.58     0.18    -0.15     0.20     0.05    -0.37     0.21    -0.01     0.15     1.00     0.54   |
|  x_{36}     0.31     0.44    -0.21     0.16    -0.09     0.15    -0.09    -0.24     0.31     0.48    -0.07    -0.45     0.24    -0.56     0.07    -0.58    -0.08    -0.02     0.11    -0.21     0.13     0.06    -0.19     0.24     0.50    -0.40     0.05     0.11     0.44    -0.10    -0.33     0.17     0.15     0.34     0.54     1.00   |
|-----------------------------------------------------------------------------------------------------------------------------------------------------------------------------------------------------------------------------------------------------------------------------------------------------------------------------------------------|

======================= End MT-DREAM_ZS output file =======================
