======================= MT-DREAM_ZS diagnostics file ======================

TABLE 3: MT-DREAM_ZS SINGLE CHAIN CONVERGENCE DIAGNOSTICS
=================================================== 
MCMC CONVERGENCE diagnostics for chain number  1 
Based on sample size =      10001 
=================================================== 
Autocorrelation for each parameter 
Variable           Lag 1        Lag 5       Lag 10       Lag 25 
variable 1         0.989        0.947        0.899        0.798 
variable 2         0.992        0.961        0.925        0.841 
variable 3         0.983        0.925        0.864        0.755 
variable 4         0.983        0.926        0.866        0.757 
variable 5         0.979        0.906        0.829        0.688 
variable 6         0.992        0.964        0.931        0.855 
variable 7         0.993        0.965        0.930        0.847 
variable 8         0.991        0.958        0.919        0.826 
variable 9         0.980        0.911        0.833        0.685 
variable 10        0.991        0.958        0.920        0.833 
variable 11        0.993        0.967        0.936        0.862 
variable 12        0.978        0.903        0.823        0.679 
variable 13        0.992        0.960        0.918        0.810 
variable 14        0.990        0.951        0.907        0.801 
variable 15        0.978        0.903        0.822        0.682 
variable 16        0.982        0.919        0.851        0.720 
variable 17        0.971        0.872        0.767        0.594 
variable 18        0.988        0.945        0.896        0.774 
variable 19        0.988        0.941        0.890        0.787 
variable 20        0.991        0.956        0.915        0.809 
variable 21        0.991        0.955        0.916        0.824 
variable 22        0.973        0.883        0.788        0.626 
variable 23        0.988        0.947        0.898        0.790 
variable 24        0.991        0.957        0.917        0.820 
variable 25        0.992        0.962        0.924        0.825 
variable 26        0.990        0.956        0.916        0.817 
variable 27        0.992        0.958        0.916        0.800 
variable 28        0.993        0.966        0.934        0.854 
variable 29        0.983        0.920        0.850        0.670 
variable 30        0.976        0.892        0.801        0.642 
variable 31        0.992        0.963        0.931        0.863 
variable 32        0.992        0.961        0.925        0.844 
variable 33        0.983        0.922        0.855        0.727 
variable 34        0.986        0.936        0.878        0.744 
variable 35        0.991        0.957        0.920        0.836 
variable 36        0.992        0.963        0.930        0.846 

Raftery-Lewis Diagnostics for each parameter 
(q=0.025000, r=0.010000, s=0.950000)
Variable          Thin       Burn   Total(N)     (Nmin)     I-stat 
variable 1           1        119      33053        937     35.275 
variable 2           1        119      33053        937     35.275 
variable 3           1        119      33053        937     35.275 
variable 4           1        119      33053        937     35.275 
variable 5           1        119      33053        937     35.275 
variable 6           1        119      33053        937     35.275 
variable 7           1        119      33053        937     35.275 
variable 8           1        119      33053        937     35.275 
variable 9           1        119      33053        937     35.275 
variable 10          1        119      33053        937     35.275 
variable 11          1        119      33053        937     35.275 
variable 12          1        119      33053        937     35.275 
variable 13          1        119      33053        937     35.275 
variable 14          1        119      33053        937     35.275 
variable 15          1        119      33053        937     35.275 
variable 16          1        119      33053        937     35.275 
variable 17          1        119      33053        937     35.275 
variable 18          1        119      33053        937     35.275 
variable 19          1        119      33053        937     35.275 
variable 20          1        119      33053        937     35.275 
variable 21          1        119      33053        937     35.275 
variable 22          1        119      33053        937     35.275 
variable 23          1        119      33053        937     35.275 
variable 24          1        119      33053        937     35.275 
variable 25          1        119      33053        937     35.275 
variable 26          1        119      33053        937     35.275 
variable 27          1        119      33053        937     35.275 
variable 28          1        119      33053        937     35.275 
variable 29          1        119      33053        937     35.275 
variable 30          1        119      33053        937     35.275 
variable 31          1        119      33053        937     35.275 
variable 32          1        119      33053        937     35.275 
variable 33          1        119      33053        937     35.275 
variable 34          1        119      33053        937     35.275 
variable 35          1        119      33053        937     35.275 
variable 36          1        119      33053        937     35.275 

Geweke Diagnostics for each parameter 
Variable            Mean      std dev      NSE iid      RNE iid 
variable 1     -1.231391     0.074400     0.000744     1.000000 
variable 2      1.800100     0.255405     0.002554     1.000000 
variable 3     -0.983921     0.432565     0.004326     1.000000 
variable 4      0.487966     0.351289     0.003513     1.000000 
variable 5     -0.083746     0.155369     0.001554     1.000000 
variable 6     -0.376958     0.108337     0.001083     1.000000 
variable 7      0.187364     0.183133     0.001831     1.000000 
variable 8     -1.369787     0.585259     0.005853     1.000000 
variable 9     -0.857409     0.278528     0.002785     1.000000 
variable 10     0.318754     0.204719     0.002047     1.000000 
variable 11    -1.001331     0.293307     0.002933     1.000000 
variable 12    -0.561185     0.444575     0.004446     1.000000 
variable 13     0.454559     0.179766     0.001798     1.000000 
variable 14     0.387561     0.594029     0.005940     1.000000 
variable 15     0.871060     0.383899     0.003839     1.000000 
variable 16    -1.415785     0.526630     0.005266     1.000000 
variable 17     1.628974     0.327798     0.003278     1.000000 
variable 18     1.561324     0.460027     0.004600     1.000000 
variable 19     1.285619     0.477116     0.004771     1.000000 
variable 20    -1.046089     0.597597     0.005976     1.000000 
variable 21     1.376333     0.535942     0.005359     1.000000 
variable 22     1.847630     0.487342     0.004873     1.000000 
variable 23    -0.309135     0.428824     0.004288     1.000000 
variable 24    -0.531173     0.328066     0.003281     1.000000 
variable 25    -0.516237     0.595534     0.005955     1.000000 
variable 26    -1.273337     0.772167     0.007722     1.000000 
variable 27    -0.053241     0.374419     0.003744     1.000000 
variable 28    -1.141004     0.470033     0.004700     1.000000 
variable 29    -1.516963     0.226703     0.002267     1.000000 
variable 30     0.087606     0.534055     0.005341     1.000000 
variable 31     0.009189     0.505424     0.005054     1.000000 
variable 32     0.196988     0.343175     0.003432     1.000000 
variable 33    -0.928194     0.665718     0.006657     1.000000 
variable 34     1.225750     0.360214     0.003602     1.000000 
variable 35     0.166789     0.558130     0.005581     1.000000 
variable 36    -1.144114     0.514223     0.005142     1.000000 

Variable          NSE 4%       RNE 4%       NSE 8%       RNE 8%      NSE 15%      RNE 15% 
variable 1      0.015161     0.002408     0.018065     0.001696     0.017848     0.001738 
variable 2      0.056372     0.002053     0.064439     0.001571     0.059825     0.001823 
variable 3      0.075110     0.003317     0.070442     0.003771     0.056638     0.005833 
variable 4      0.069380     0.002564     0.075655     0.002156     0.066472     0.002793 
variable 5      0.020283     0.005868     0.023200     0.004485     0.023854     0.004242 
variable 6      0.017786     0.003710     0.013289     0.006646     0.009008     0.014464 
variable 7      0.040115     0.002084     0.046451     0.001554     0.042453     0.001861 
variable 8      0.093917     0.003883     0.088809     0.004343     0.075189     0.006059 
variable 9      0.037563     0.005498     0.029584     0.008864     0.021361     0.017002 
variable 10     0.042797     0.002288     0.047864     0.001829     0.045847     0.001994 
variable 11     0.080076     0.001342     0.094892     0.000955     0.092023     0.001016 
variable 12     0.037321     0.014190     0.030834     0.020788     0.029485     0.022734 
variable 13     0.034113     0.002777     0.037350     0.002317     0.035451     0.002571 
variable 14     0.082691     0.005161     0.061382     0.009366     0.046078     0.016620 
variable 15     0.052100     0.005430     0.057919     0.004393     0.048866     0.006172 
variable 16     0.070807     0.005532     0.059107     0.007938     0.042134     0.015622 
variable 17     0.054124     0.003668     0.062182     0.002779     0.056292     0.003391 
variable 18     0.059577     0.005962     0.056141     0.006714     0.052570     0.007658 
variable 19     0.056633     0.007098     0.045625     0.010936     0.032733     0.021246 
variable 20     0.102319     0.003411     0.106481     0.003150     0.107975     0.003063 
variable 21     0.088318     0.003682     0.097773     0.003005     0.098054     0.002987 
variable 22     0.078926     0.003813     0.089792     0.002946     0.079517     0.003756 
variable 23     0.105985     0.001637     0.127191     0.001137     0.127365     0.001134 
variable 24     0.059226     0.003068     0.061822     0.002816     0.061414     0.002854 
variable 25     0.097595     0.003724     0.088676     0.004510     0.081776     0.005303 
variable 26     0.192838     0.001603     0.217061     0.001265     0.218590     0.001248 
variable 27     0.074411     0.002532     0.078878     0.002253     0.070581     0.002814 
variable 28     0.065205     0.005196     0.030794     0.023298     0.027533     0.029143 
variable 29     0.022345     0.010293     0.022415     0.010229     0.020005     0.012842 
variable 30     0.073456     0.005286     0.068947     0.006000     0.061768     0.007476 
variable 31     0.147488     0.001174     0.169024     0.000894     0.172650     0.000857 
variable 32     0.069488     0.002439     0.072770     0.002224     0.062794     0.002987 
variable 33     0.113384     0.003447     0.134744     0.002441     0.132108     0.002539 
variable 34     0.037049     0.009453     0.030326     0.014109     0.018809     0.036678 
variable 35     0.108439     0.002649     0.102163     0.002985     0.098478     0.003212 
variable 36     0.097715     0.002769     0.101879     0.002548     0.099101     0.002692 

=================================================== 
MCMC CONVERGENCE diagnostics for chain number  2 
Based on sample size =      10001 
=================================================== 
Autocorrelation for each parameter 
Variable           Lag 1        Lag 5       Lag 10       Lag 25 
variable 1         0.992        0.962        0.926        0.825 
variable 2         0.993        0.967        0.937        0.848 
variable 3         0.979        0.908        0.842        0.717 
variable 4         0.981        0.916        0.856        0.739 
variable 5         0.980        0.912        0.846        0.700 
variable 6         0.994        0.969        0.940        0.859 
variable 7         0.994        0.971        0.945        0.873 
variable 8         0.992        0.965        0.935        0.859 
variable 9         0.981        0.919        0.859        0.738 
variable 10        0.989        0.949        0.907        0.804 
variable 11        0.994        0.974        0.950        0.886 
variable 12        0.974        0.885        0.799        0.624 
variable 13        0.992        0.962        0.925        0.835 
variable 14        0.986        0.934        0.873        0.737 
variable 15        0.979        0.906        0.835        0.693 
variable 16        0.976        0.892        0.812        0.643 
variable 17        0.974        0.885        0.796        0.615 
variable 18        0.988        0.942        0.892        0.782 
variable 19        0.986        0.937        0.885        0.765 
variable 20        0.989        0.948        0.903        0.786 
variable 21        0.990        0.952        0.906        0.784 
variable 22        0.974        0.889        0.811        0.669 
variable 23        0.987        0.939        0.884        0.751 
variable 24        0.992        0.964        0.933        0.845 
variable 25        0.992        0.961        0.923        0.814 
variable 26        0.989        0.951        0.911        0.817 
variable 27        0.991        0.953        0.912        0.796 
variable 28        0.990        0.952        0.909        0.788 
variable 29        0.987        0.938        0.880        0.738 
variable 30        0.975        0.891        0.811        0.659 
variable 31        0.988        0.945        0.902        0.805 
variable 32        0.990        0.954        0.912        0.824 
variable 33        0.984        0.929        0.871        0.746 
variable 34        0.988        0.944        0.893        0.772 
variable 35        0.983        0.918        0.845        0.674 
variable 36        0.991        0.956        0.913        0.793 

Raftery-Lewis Diagnostics for each parameter 
(q=0.025000, r=0.010000, s=0.950000)
Variable          Thin       Burn   Total(N)     (Nmin)     I-stat 
variable 1           1        138      38125        937     40.688 
variable 2           1        138      38125        937     40.688 
variable 3           1        138      38125        937     40.688 
variable 4           1        138      38125        937     40.688 
variable 5           1        138      38125        937     40.688 
variable 6           1        138      38125        937     40.688 
variable 7           1        138      38125        937     40.688 
variable 8           1        138      38125        937     40.688 
variable 9           1        138      38125        937     40.688 
variable 10          1        138      38125        937     40.688 
variable 11          1        138      38125        937     40.688 
variable 12          1        138      38125        937     40.688 
variable 13          1        138      38125        937     40.688 
variable 14          1        138      38125        937     40.688 
variable 15          1        138      38125        937     40.688 
variable 16          1        138      38125        937     40.688 
variable 17          1        138      38125        937     40.688 
variable 18          1        138      38125        937     40.688 
variable 19          1        138      38125        937     40.688 
variable 20          1        138      38125        937     40.688 
variable 21          1        138      38125        937     40.688 
variable 22          1        138      38125        937     40.688 
variable 23          1        138      38125        937     40.688 
variable 24          1        138      38125        937     40.688 
variable 25          1        138      38125        937     40.688 
variable 26          1        138      38125        937     40.688 
variable 27          1        138      38125        937     40.688 
variable 28          1        138      38125        937     40.688 
variable 29          1        138      38125        937     40.688 
variable 30          1        138      38125        937     40.688 
variable 31          1        138      38125        937     40.688 
variable 32          1        138      38125        937     40.688 
variable 33          1        138      38125        937     40.688 
variable 34          1        138      38125        937     40.688 
variable 35          1        138      38125        937     40.688 
variable 36          1        138      38125        937     40.688 

Geweke Diagnostics for each parameter 
Variable            Mean      std dev      NSE iid      RNE iid 
variable 1     -1.227549     0.090380     0.000904     1.000000 
variable 2      1.813704     0.289359     0.002894     1.000000 
variable 3     -0.919061     0.399117     0.003991     1.000000 
variable 4      0.450904     0.329709     0.003297     1.000000 
variable 5     -0.090522     0.168234     0.001682     1.000000 
variable 6     -0.372259     0.124955     0.001250     1.000000 
variable 7      0.190841     0.210053     0.002101     1.000000 
variable 8     -1.386977     0.666368     0.006664     1.000000 
variable 9     -0.870740     0.294000     0.002940     1.000000 
variable 10     0.305679     0.206376     0.002064     1.000000 
variable 11    -0.934659     0.329918     0.003299     1.000000 
variable 12    -0.561138     0.426231     0.004262     1.000000 
variable 13     0.428445     0.179812     0.001798     1.000000 
variable 14     0.220648     0.485925     0.004859     1.000000 
variable 15     0.750516     0.392743     0.003927     1.000000 
variable 16    -1.444660     0.480790     0.004808     1.000000 
variable 17     1.666317     0.357041     0.003570     1.000000 
variable 18     1.527604     0.478008     0.004780     1.000000 
variable 19     1.384333     0.473584     0.004736     1.000000 
variable 20    -1.133851     0.560235     0.005602     1.000000 
variable 21     1.368693     0.496814     0.004968     1.000000 
variable 22     1.773196     0.524679     0.005247     1.000000 
variable 23    -0.262448     0.431650     0.004317     1.000000 
variable 24    -0.578007     0.395785     0.003958     1.000000 
variable 25    -0.557412     0.592490     0.005925     1.000000 
variable 26    -1.289822     0.794184     0.007942     1.000000 
variable 27     0.002528     0.344537     0.003445     1.000000 
variable 28    -1.123414     0.385130     0.003851     1.000000 
variable 29    -1.567641     0.262947     0.002629     1.000000 
variable 30     0.026335     0.517606     0.005176     1.000000 
variable 31     0.096420     0.448896     0.004489     1.000000 
variable 32     0.082418     0.331793     0.003318     1.000000 
variable 33    -0.821656     0.689660     0.006897     1.000000 
variable 34     1.211794     0.409732     0.004097     1.000000 
variable 35     0.180980     0.391644     0.003916     1.000000 
variable 36    -1.055688     0.483870     0.004839     1.000000 

Variable          NSE 4%       RNE 4%       NSE 8%       RNE 8%      NSE 15%      RNE 15% 
variable 1      0.014499     0.003886     0.013020     0.004819     0.010463     0.007462 
variable 2      0.037577     0.005930     0.025566     0.012810     0.017326     0.027893 
variable 3      0.052451     0.005790     0.046610     0.007332     0.042593     0.008781 
variable 4      0.034172     0.009310     0.020036     0.027079     0.014396     0.052456 
variable 5      0.016092     0.010930     0.012981     0.016796     0.008109     0.043040 
variable 6      0.024830     0.002533     0.027392     0.002081     0.025909     0.002326 
variable 7      0.045909     0.002093     0.048570     0.001870     0.048467     0.001878 
variable 8      0.122259     0.002971     0.123962     0.002890     0.113018     0.003476 
variable 9      0.052493     0.003137     0.052549     0.003130     0.049128     0.003581 
variable 10     0.052537     0.001543     0.061228     0.001136     0.062447     0.001092 
variable 11     0.065176     0.002562     0.063216     0.002724     0.058449     0.003186 
variable 12     0.041096     0.010757     0.031711     0.018066     0.030344     0.019730 
variable 13     0.025123     0.005122     0.024151     0.005543     0.019435     0.008559 
variable 14     0.100767     0.002325     0.106036     0.002100     0.098124     0.002452 
variable 15     0.062763     0.003916     0.054058     0.005278     0.039252     0.010011 
variable 16     0.069805     0.004744     0.066435     0.005237     0.057039     0.007105 
variable 17     0.042390     0.007094     0.037702     0.008968     0.037017     0.009303 
variable 18     0.111939     0.001823     0.110772     0.001862     0.077127     0.003841 
variable 19     0.062374     0.005765     0.038564     0.015081     0.029113     0.026462 
variable 20     0.098239     0.003252     0.094948     0.003482     0.093109     0.003620 
variable 21     0.079987     0.003858     0.065154     0.005814     0.054362     0.008352 
variable 22     0.087069     0.003631     0.092217     0.003237     0.066387     0.006246 
variable 23     0.089572     0.002322     0.099873     0.001868     0.101670     0.001803 
variable 24     0.105227     0.001415     0.118248     0.001120     0.118824     0.001109 
variable 25     0.062598     0.008959     0.050069     0.014003     0.037381     0.025122 
variable 26     0.208258     0.001454     0.238965     0.001105     0.245812     0.001044 
variable 27     0.057987     0.003530     0.061045     0.003185     0.057753     0.003559 
variable 28     0.055604     0.004797     0.054108     0.005066     0.053202     0.005240 
variable 29     0.040752     0.004163     0.033152     0.006291     0.026196     0.010075 
variable 30     0.092216     0.003151     0.102540     0.002548     0.094859     0.002977 
variable 31     0.121353     0.001368     0.138390     0.001052     0.139624     0.001034 
variable 32     0.059447     0.003115     0.067063     0.002448     0.060317     0.003026 
variable 33     0.131264     0.002760     0.124041     0.003091     0.108558     0.004036 
variable 34     0.082473     0.002468     0.080486     0.002592     0.049861     0.006753 
variable 35     0.059359     0.004353     0.064580     0.003678     0.062724     0.003899 
variable 36     0.089293     0.002936     0.084374     0.003289     0.085026     0.003239 

=================================================== 
MCMC CONVERGENCE diagnostics for chain number  3 
Based on sample size =      10001 
=================================================== 
Autocorrelation for each parameter 
Variable           Lag 1        Lag 5       Lag 10       Lag 25 
variable 1         0.993        0.967        0.936        0.854 
variable 2         0.993        0.965        0.933        0.846 
variable 3         0.974        0.885        0.797        0.629 
variable 4         0.974        0.882        0.791        0.604 
variable 5         0.986        0.938        0.889        0.790 
variable 6         0.991        0.958        0.916        0.809 
variable 7         0.992        0.961        0.924        0.828 
variable 8         0.992        0.960        0.925        0.836 
variable 9         0.983        0.923        0.862        0.739 
variable 10        0.979        0.903        0.817        0.627 
variable 11        0.992        0.958        0.916        0.809 
variable 12        0.977        0.897        0.817        0.662 
variable 13        0.991        0.957        0.920        0.817 
variable 14        0.980        0.905        0.819        0.628 
variable 15        0.978        0.899        0.820        0.673 
variable 16        0.982        0.916        0.847        0.713 
variable 17        0.968        0.856        0.747        0.544 
variable 18        0.987        0.939        0.884        0.735 
variable 19        0.985        0.932        0.872        0.735 
variable 20        0.987        0.937        0.878        0.719 
variable 21        0.990        0.949        0.904        0.793 
variable 22        0.963        0.834        0.714        0.524 
variable 23        0.988        0.943        0.894        0.759 
variable 24        0.989        0.946        0.894        0.763 
variable 25        0.994        0.970        0.942        0.860 
variable 26        0.986        0.937        0.879        0.748 
variable 27        0.990        0.948        0.896        0.756 
variable 28        0.988        0.940        0.884        0.746 
variable 29        0.983        0.917        0.837        0.620 
variable 30        0.978        0.899        0.821        0.665 
variable 31        0.992        0.964        0.933        0.867 
variable 32        0.990        0.954        0.913        0.824 
variable 33        0.985        0.930        0.872        0.765 
variable 34        0.988        0.940        0.890        0.766 
variable 35        0.986        0.932        0.871        0.731 
variable 36        0.989        0.945        0.892        0.761 

Raftery-Lewis Diagnostics for each parameter 
(q=0.025000, r=0.010000, s=0.950000)
Variable          Thin       Burn   Total(N)     (Nmin)     I-stat 
variable 1           1        169      47017        937     50.178 
variable 2           1        169      47017        937     50.178 
variable 3           1        169      47017        937     50.178 
variable 4           1        169      47017        937     50.178 
variable 5           1        169      47017        937     50.178 
variable 6           1        169      47017        937     50.178 
variable 7           1        169      47017        937     50.178 
variable 8           1        169      47017        937     50.178 
variable 9           1        169      47017        937     50.178 
variable 10          1        169      47017        937     50.178 
variable 11          1        169      47017        937     50.178 
variable 12          1        169      47017        937     50.178 
variable 13          1        169      47017        937     50.178 
variable 14          1        169      47017        937     50.178 
variable 15          1        169      47017        937     50.178 
variable 16          1        169      47017        937     50.178 
variable 17          1        169      47017        937     50.178 
variable 18          1        169      47017        937     50.178 
variable 19          1        169      47017        937     50.178 
variable 20          1        169      47017        937     50.178 
variable 21          1        169      47017        937     50.178 
variable 22          1        169      47017        937     50.178 
variable 23          1        169      47017        937     50.178 
variable 24          1        169      47017        937     50.178 
variable 25          1        169      47017        937     50.178 
variable 26          1        169      47017        937     50.178 
variable 27          1        169      47017        937     50.178 
variable 28          1        169      47017        937     50.178 
variable 29          1        169      47017        937     50.178 
variable 30          1        169      47017        937     50.178 
variable 31          1        169      47017        937     50.178 
variable 32          1        169      47017        937     50.178 
variable 33          1        169      47017        937     50.178 
variable 34          1        169      47017        937     50.178 
variable 35          1        169      47017        937     50.178 
variable 36          1        169      47017        937     50.178 

Geweke Diagnostics for each parameter 
Variable            Mean      std dev      NSE iid      RNE iid 
variable 1     -1.239585     0.101130     0.001011     1.000000 
variable 2      1.750962     0.302245     0.003022     1.000000 
variable 3     -0.895021     0.359817     0.003598     1.000000 
variable 4      0.468396     0.284694     0.002847     1.000000 
variable 5     -0.087794     0.201304     0.002013     1.000000 
variable 6     -0.378710     0.108455     0.001085     1.000000 
variable 7      0.165975     0.179237     0.001792     1.000000 
variable 8     -1.218173     0.648495     0.006485     1.000000 
variable 9     -0.933069     0.305598     0.003056     1.000000 
variable 10     0.352165     0.134702     0.001347     1.000000 
variable 11    -1.031767     0.266716     0.002667     1.000000 
variable 12    -0.415861     0.440517     0.004405     1.000000 
variable 13     0.408816     0.174437     0.001744     1.000000 
variable 14     0.328075     0.436450     0.004364     1.000000 
variable 15     0.742544     0.384115     0.003841     1.000000 
variable 16    -1.323755     0.546547     0.005465     1.000000 
variable 17     1.551833     0.314301     0.003143     1.000000 
variable 18     1.632752     0.473607     0.004736     1.000000 
variable 19     1.467678     0.466607     0.004666     1.000000 
variable 20    -1.268865     0.480802     0.004808     1.000000 
variable 21     1.479027     0.519645     0.005196     1.000000 
variable 22     1.733853     0.418565     0.004186     1.000000 
variable 23    -0.404712     0.442926     0.004429     1.000000 
variable 24    -0.447905     0.322940     0.003229     1.000000 
variable 25    -0.630357     0.669228     0.006692     1.000000 
variable 26    -1.319586     0.651613     0.006516     1.000000 
variable 27     0.026775     0.324134     0.003241     1.000000 
variable 28    -1.150388     0.383408     0.003834     1.000000 
variable 29    -1.616130     0.235287     0.002353     1.000000 
variable 30     0.055754     0.560672     0.005607     1.000000 
variable 31    -0.026664     0.524108     0.005241     1.000000 
variable 32     0.158639     0.329243     0.003292     1.000000 
variable 33    -0.887957     0.719132     0.007191     1.000000 
variable 34     1.187558     0.405932     0.004059     1.000000 
variable 35     0.141626     0.434155     0.004342     1.000000 
variable 36    -1.264352     0.474508     0.004745     1.000000 

Variable          NSE 4%       RNE 4%       NSE 8%       RNE 8%      NSE 15%      RNE 15% 
variable 1      0.014877     0.004621     0.010070     0.010085     0.007919     0.016309 
variable 2      0.037141     0.006623     0.024457     0.015272     0.019757     0.023403 
variable 3      0.043264     0.006917     0.038529     0.008721     0.023854     0.022754 
variable 4      0.028830     0.009752     0.021604     0.017366     0.014271     0.039794 
variable 5      0.028734     0.004908     0.021484     0.008780     0.019911     0.010222 
variable 6      0.015144     0.005129     0.016233     0.004464     0.014830     0.005349 
variable 7      0.038421     0.002176     0.043182     0.001723     0.035179     0.002596 
variable 8      0.079467     0.006659     0.059310     0.011955     0.049401     0.017232 
variable 9      0.055005     0.003087     0.059446     0.002643     0.045184     0.004574 
variable 10     0.015538     0.007516     0.012992     0.010749     0.012601     0.011427 
variable 11     0.048424     0.003034     0.052722     0.002559     0.054409     0.002403 
variable 12     0.063654     0.004789     0.071789     0.003765     0.057559     0.005857 
variable 13     0.032515     0.002878     0.030983     0.003170     0.028459     0.003757 
variable 14     0.052330     0.006956     0.044145     0.009775     0.042783     0.010407 
variable 15     0.045093     0.007256     0.039642     0.009389     0.035235     0.011885 
variable 16     0.073600     0.005514     0.070346     0.006036     0.053391     0.010479 
variable 17     0.036619     0.007367     0.035832     0.007694     0.034352     0.008371 
variable 18     0.093564     0.002562     0.103563     0.002091     0.102695     0.002127 
variable 19     0.068079     0.004698     0.061037     0.005844     0.051217     0.008300 
variable 20     0.096869     0.002464     0.107868     0.001987     0.105077     0.002094 
variable 21     0.088030     0.003485     0.099042     0.002753     0.092433     0.003161 
variable 22     0.045292     0.008541     0.038646     0.011730     0.033477     0.015632 
variable 23     0.091004     0.002369     0.101602     0.001900     0.104875     0.001784 
variable 24     0.049817     0.004202     0.055100     0.003435     0.047646     0.004594 
variable 25     0.121526     0.003033     0.117067     0.003268     0.085656     0.006104 
variable 26     0.148354     0.001929     0.178735     0.001329     0.180692     0.001300 
variable 27     0.053690     0.003645     0.050821     0.004068     0.046539     0.004851 
variable 28     0.045630     0.007060     0.033622     0.013004     0.024400     0.024691 
variable 29     0.020924     0.012645     0.019807     0.014111     0.013123     0.032146 
variable 30     0.123011     0.002077     0.142223     0.001554     0.124024     0.002044 
variable 31     0.119103     0.001936     0.137879     0.001445     0.141616     0.001370 
variable 32     0.052747     0.003896     0.058792     0.003136     0.052520     0.003930 
variable 33     0.136028     0.002795     0.164400     0.001913     0.164612     0.001909 
variable 34     0.065839     0.003801     0.070877     0.003280     0.067424     0.003625 
variable 35     0.079008     0.003020     0.090026     0.002326     0.087946     0.002437 
variable 36     0.061891     0.005878     0.057888     0.006719     0.053100     0.007985 

=================================================== 
MCMC CONVERGENCE diagnostics for chain number  4 
Based on sample size =      10001 
=================================================== 
Autocorrelation for each parameter 
Variable           Lag 1        Lag 5       Lag 10       Lag 25 
variable 1         0.991        0.956        0.913        0.807 
variable 2         0.991        0.959        0.923        0.820 
variable 3         0.977        0.897        0.817        0.642 
variable 4         0.980        0.913        0.847        0.704 
variable 5         0.981        0.915        0.843        0.682 
variable 6         0.989        0.948        0.896        0.750 
variable 7         0.991        0.959        0.922        0.836 
variable 8         0.989        0.947        0.896        0.751 
variable 9         0.978        0.898        0.812        0.627 
variable 10        0.987        0.940        0.887        0.760 
variable 11        0.989        0.950        0.907        0.806 
variable 12        0.968        0.853        0.736        0.502 
variable 13        0.989        0.946        0.894        0.756 
variable 14        0.986        0.935        0.882        0.749 
variable 15        0.979        0.902        0.821        0.642 
variable 16        0.978        0.901        0.822        0.653 
variable 17        0.974        0.883        0.786        0.581 
variable 18        0.988        0.942        0.892        0.771 
variable 19        0.983        0.921        0.852        0.695 
variable 20        0.986        0.932        0.871        0.710 
variable 21        0.987        0.939        0.883        0.735 
variable 22        0.975        0.888        0.799        0.614 
variable 23        0.987        0.940        0.893        0.782 
variable 24        0.989        0.945        0.896        0.760 
variable 25        0.987        0.936        0.876        0.712 
variable 26        0.987        0.937        0.886        0.764 
variable 27        0.989        0.951        0.906        0.782 
variable 28        0.988        0.944        0.895        0.771 
variable 29        0.982        0.915        0.838        0.664 
variable 30        0.978        0.897        0.816        0.648 
variable 31        0.990        0.954        0.917        0.830 
variable 32        0.987        0.937        0.880        0.738 
variable 33        0.985        0.932        0.876        0.747 
variable 34        0.984        0.927        0.864        0.703 
variable 35        0.985        0.931        0.869        0.729 
variable 36        0.990        0.955        0.919        0.825 

Raftery-Lewis Diagnostics for each parameter 
(q=0.025000, r=0.010000, s=0.950000)
Variable          Thin       Burn   Total(N)     (Nmin)     I-stat 
variable 1           1        128      35120        937     37.481 
variable 2           1        128      35120        937     37.481 
variable 3           1        128      35120        937     37.481 
variable 4           1        128      35120        937     37.481 
variable 5           1        128      35120        937     37.481 
variable 6           1        128      35120        937     37.481 
variable 7           1        128      35120        937     37.481 
variable 8           1        128      35120        937     37.481 
variable 9           1        128      35120        937     37.481 
variable 10          1        128      35120        937     37.481 
variable 11          1        128      35120        937     37.481 
variable 12          1        128      35120        937     37.481 
variable 13          1        128      35120        937     37.481 
variable 14          1        128      35120        937     37.481 
variable 15          1        128      35120        937     37.481 
variable 16          1        128      35120        937     37.481 
variable 17          1        128      35120        937     37.481 
variable 18          1        128      35120        937     37.481 
variable 19          1        128      35120        937     37.481 
variable 20          1        128      35120        937     37.481 
variable 21          1        128      35120        937     37.481 
variable 22          1        128      35120        937     37.481 
variable 23          1        128      35120        937     37.481 
variable 24          1        128      35120        937     37.481 
variable 25          1        128      35120        937     37.481 
variable 26          1        128      35120        937     37.481 
variable 27          1        128      35120        937     37.481 
variable 28          1        128      35120        937     37.481 
variable 29          1        128      35120        937     37.481 
variable 30          1        128      35120        937     37.481 
variable 31          1        128      35120        937     37.481 
variable 32          1        128      35120        937     37.481 
variable 33          1        128      35120        937     37.481 
variable 34          1        128      35120        937     37.481 
variable 35          1        128      35120        937     37.481 
variable 36          1        128      35120        937     37.481 

Geweke Diagnostics for each parameter 
Variable            Mean      std dev      NSE iid      RNE iid 
variable 1     -1.218746     0.082046     0.000820     1.000000 
variable 2      1.797331     0.262734     0.002627     1.000000 
variable 3     -0.867008     0.363026     0.003630     1.000000 
variable 4      0.404600     0.313970     0.003140     1.000000 
variable 5     -0.134005     0.164199     0.001642     1.000000 
variable 6     -0.364390     0.087656     0.000877     1.000000 
variable 7      0.180731     0.173160     0.001732     1.000000 
variable 8     -1.296918     0.522699     0.005227     1.000000 
variable 9     -0.927440     0.253475     0.002535     1.000000 
variable 10     0.296261     0.172973     0.001730     1.000000 
variable 11    -0.995476     0.221902     0.002219     1.000000 
variable 12    -0.470175     0.355054     0.003551     1.000000 
variable 13     0.435909     0.157693     0.001577     1.000000 
variable 14     0.232071     0.489949     0.004899     1.000000 
variable 15     0.800527     0.379490     0.003795     1.000000 
variable 16    -1.450500     0.468041     0.004680     1.000000 
variable 17     1.581606     0.336992     0.003370     1.000000 
variable 18     1.658854     0.460832     0.004608     1.000000 
variable 19     1.313671     0.416522     0.004165     1.000000 
variable 20    -1.182588     0.451313     0.004513     1.000000 
variable 21     1.444585     0.451379     0.004514     1.000000 
variable 22     1.757298     0.495014     0.004950     1.000000 
variable 23    -0.390433     0.417198     0.004172     1.000000 
variable 24    -0.452146     0.304033     0.003040     1.000000 
variable 25    -0.521316     0.438017     0.004380     1.000000 
variable 26    -1.343493     0.628671     0.006287     1.000000 
variable 27    -0.030932     0.328820     0.003288     1.000000 
variable 28    -1.080975     0.363375     0.003634     1.000000 
variable 29    -1.557108     0.222828     0.002228     1.000000 
variable 30     0.093274     0.555214     0.005552     1.000000 
variable 31    -0.071754     0.460205     0.004602     1.000000 
variable 32     0.198857     0.296522     0.002965     1.000000 
variable 33    -0.862366     0.697887     0.006979     1.000000 
variable 34     1.201451     0.355115     0.003551     1.000000 
variable 35     0.179659     0.416060     0.004161     1.000000 
variable 36    -1.108609     0.457215     0.004572     1.000000 

Variable          NSE 4%       RNE 4%       NSE 8%       RNE 8%      NSE 15%      RNE 15% 
variable 1      0.013712     0.003580     0.015117     0.002946     0.012553     0.004272 
variable 2      0.048750     0.002905     0.052049     0.002548     0.051667     0.002586 
variable 3      0.046970     0.005974     0.045545     0.006353     0.044371     0.006694 
variable 4      0.053285     0.003472     0.055711     0.003176     0.056944     0.003040 
variable 5      0.024475     0.004501     0.021625     0.005765     0.015863     0.010714 
variable 6      0.009416     0.008667     0.008396     0.010899     0.007884     0.012360 
variable 7      0.039540     0.001918     0.045772     0.001431     0.046267     0.001401 
variable 8      0.072459     0.005204     0.065382     0.006391     0.049747     0.011040 
variable 9      0.034283     0.005466     0.027087     0.008757     0.017725     0.020450 
variable 10     0.038576     0.002011     0.039405     0.001927     0.040266     0.001845 
variable 11     0.043738     0.002574     0.052091     0.001815     0.050163     0.001957 
variable 12     0.037077     0.009170     0.033735     0.011077     0.021443     0.027416 
variable 13     0.024126     0.004272     0.027616     0.003261     0.027519     0.003284 
variable 14     0.093843     0.002726     0.095117     0.002653     0.085142     0.003311 
variable 15     0.050515     0.005644     0.059095     0.004124     0.055829     0.004620 
variable 16     0.065645     0.005084     0.071949     0.004232     0.070121     0.004455 
variable 17     0.029439     0.013103     0.027565     0.014946     0.023557     0.020464 
variable 18     0.107129     0.001850     0.116678     0.001560     0.093947     0.002406 
variable 19     0.027882     0.022317     0.025903     0.025856     0.023813     0.030594 
variable 20     0.063060     0.005122     0.062251     0.005256     0.053611     0.007087 
variable 21     0.064999     0.004823     0.062050     0.005292     0.038729     0.013584 
variable 22     0.068103     0.005283     0.068140     0.005278     0.057530     0.007404 
variable 23     0.103174     0.001635     0.120799     0.001193     0.116805     0.001276 
variable 24     0.053483     0.003232     0.050273     0.003657     0.050303     0.003653 
variable 25     0.050236     0.007603     0.051216     0.007314     0.046522     0.008865 
variable 26     0.153221     0.001683     0.181312     0.001202     0.182918     0.001181 
variable 27     0.060233     0.002980     0.048656     0.004567     0.044393     0.005486 
variable 28     0.057905     0.003938     0.042194     0.007417     0.032911     0.012190 
variable 29     0.028941     0.005928     0.025263     0.007780     0.018049     0.015242 
variable 30     0.095285     0.003395     0.111162     0.002495     0.110382     0.002530 
variable 31     0.111754     0.001696     0.135058     0.001161     0.132377     0.001209 
variable 32     0.032301     0.008427     0.026811     0.012232     0.022057     0.018073 
variable 33     0.096034     0.005281     0.090513     0.005945     0.082600     0.007139 
variable 34     0.068668     0.002674     0.069146     0.002638     0.049484     0.005150 
variable 35     0.074857     0.003089     0.087885     0.002241     0.088187     0.002226 
variable 36     0.095633     0.002286     0.102458     0.001991     0.104707     0.001907 

=================================================== 
MCMC CONVERGENCE diagnostics for chain number  5 
Based on sample size =      10001 
=================================================== 
Autocorrelation for each parameter 
Variable           Lag 1        Lag 5       Lag 10       Lag 25 
variable 1         0.992        0.961        0.925        0.821 
variable 2         0.993        0.965        0.932        0.832 
variable 3         0.975        0.889        0.808        0.635 
variable 4         0.981        0.914        0.849        0.708 
variable 5         0.983        0.927        0.869        0.745 
variable 6         0.992        0.965        0.933        0.853 
variable 7         0.993        0.964        0.927        0.827 
variable 8         0.990        0.950        0.905        0.788 
variable 9         0.976        0.893        0.805        0.613 
variable 10        0.987        0.941        0.889        0.763 
variable 11        0.991        0.957        0.916        0.807 
variable 12        0.975        0.892        0.807        0.621 
variable 13        0.985        0.926        0.858        0.692 
variable 14        0.987        0.940        0.886        0.773 
variable 15        0.979        0.910        0.836        0.672 
variable 16        0.982        0.923        0.861        0.694 
variable 17        0.978        0.904        0.822        0.646 
variable 18        0.985        0.932        0.873        0.729 
variable 19        0.986        0.937        0.885        0.756 
variable 20        0.987        0.938        0.882        0.747 
variable 21        0.992        0.962        0.929        0.850 
variable 22        0.977        0.902        0.827        0.674 
variable 23        0.988        0.942        0.886        0.745 
variable 24        0.990        0.953        0.908        0.799 
variable 25        0.988        0.941        0.888        0.748 
variable 26        0.988        0.947        0.901        0.785 
variable 27        0.992        0.962        0.928        0.835 
variable 28        0.992        0.963        0.928        0.832 
variable 29        0.983        0.919        0.846        0.666 
variable 30        0.984        0.927        0.865        0.722 
variable 31        0.988        0.943        0.895        0.760 
variable 32        0.991        0.959        0.926        0.846 
variable 33        0.986        0.936        0.882        0.771 
variable 34        0.985        0.931        0.869        0.702 
variable 35        0.987        0.938        0.885        0.739 
variable 36        0.991        0.954        0.912        0.798 

Raftery-Lewis Diagnostics for each parameter 
(q=0.025000, r=0.010000, s=0.950000)
Variable          Thin       Burn   Total(N)     (Nmin)     I-stat 
variable 1           1        151      41355        937     44.136 
variable 2           1        151      41355        937     44.136 
variable 3           1        151      41355        937     44.136 
variable 4           1        151      41355        937     44.136 
variable 5           1        151      41355        937     44.136 
variable 6           1        151      41355        937     44.136 
variable 7           1        151      41355        937     44.136 
variable 8           1        151      41355        937     44.136 
variable 9           1        151      41355        937     44.136 
variable 10          1        151      41355        937     44.136 
variable 11          1        151      41355        937     44.136 
variable 12          1        151      41355        937     44.136 
variable 13          1        151      41355        937     44.136 
variable 14          1        151      41355        937     44.136 
variable 15          1        151      41355        937     44.136 
variable 16          1        151      41355        937     44.136 
variable 17          1        151      41355        937     44.136 
variable 18          1        151      41355        937     44.136 
variable 19          1        151      41355        937     44.136 
variable 20          1        151      41355        937     44.136 
variable 21          1        151      41355        937     44.136 
variable 22          1        151      41355        937     44.136 
variable 23          1        151      41355        937     44.136 
variable 24          1        151      41355        937     44.136 
variable 25          1        151      41355        937     44.136 
variable 26          1        151      41355        937     44.136 
variable 27          1        151      41355        937     44.136 
variable 28          1        151      41355        937     44.136 
variable 29          1        151      41355        937     44.136 
variable 30          1        151      41355        937     44.136 
variable 31          1        151      41355        937     44.136 
variable 32          1        151      41355        937     44.136 
variable 33          1        151      41355        937     44.136 
variable 34          1        151      41355        937     44.136 
variable 35          1        151      41355        937     44.136 
variable 36          1        151      41355        937     44.136 

Geweke Diagnostics for each parameter 
Variable            Mean      std dev      NSE iid      RNE iid 
variable 1     -1.261972     0.088423     0.000884     1.000000 
variable 2      1.768775     0.263199     0.002632     1.000000 
variable 3     -0.903953     0.327766     0.003278     1.000000 
variable 4      0.456328     0.303577     0.003036     1.000000 
variable 5     -0.068258     0.175601     0.001756     1.000000 
variable 6     -0.343712     0.110184     0.001102     1.000000 
variable 7      0.220767     0.183116     0.001831     1.000000 
variable 8     -1.196488     0.501968     0.005020     1.000000 
variable 9     -0.873050     0.237361     0.002374     1.000000 
variable 10     0.348903     0.168614     0.001686     1.000000 
variable 11    -0.945849     0.235065     0.002351     1.000000 
variable 12    -0.539493     0.394152     0.003942     1.000000 
variable 13     0.454476     0.119661     0.001197     1.000000 
variable 14     0.104012     0.467356     0.004674     1.000000 
variable 15     0.765596     0.362922     0.003629     1.000000 
variable 16    -1.537726     0.504560     0.005046     1.000000 
variable 17     1.630969     0.364849     0.003648     1.000000 
variable 18     1.672685     0.420058     0.004201     1.000000 
variable 19     1.435640     0.440061     0.004401     1.000000 
variable 20    -1.223400     0.485637     0.004856     1.000000 
variable 21     1.339454     0.537488     0.005375     1.000000 
variable 22     1.707387     0.499377     0.004994     1.000000 
variable 23    -0.429300     0.403798     0.004038     1.000000 
variable 24    -0.492597     0.333248     0.003332     1.000000 
variable 25    -0.473076     0.445950     0.004459     1.000000 
variable 26    -1.356717     0.658647     0.006586     1.000000 
variable 27     0.040167     0.396960     0.003970     1.000000 
variable 28    -0.965275     0.407442     0.004074     1.000000 
variable 29    -1.589407     0.231728     0.002317     1.000000 
variable 30     0.164678     0.630611     0.006306     1.000000 
variable 31    -0.035219     0.383611     0.003836     1.000000 
variable 32     0.104953     0.338785     0.003388     1.000000 
variable 33    -0.757032     0.665288     0.006653     1.000000 
variable 34     1.170944     0.343191     0.003432     1.000000 
variable 35     0.213296     0.438420     0.004384     1.000000 
variable 36    -1.072809     0.465833     0.004658     1.000000 

Variable          NSE 4%       RNE 4%       NSE 8%       RNE 8%      NSE 15%      RNE 15% 
variable 1      0.015404     0.003295     0.017649     0.002510     0.015000     0.003475 
variable 2      0.040883     0.004145     0.044964     0.003426     0.033892     0.006031 
variable 3      0.033038     0.009843     0.031857     0.010586     0.020567     0.025397 
variable 4      0.037501     0.006553     0.040375     0.005654     0.031859     0.009079 
variable 5      0.023659     0.005509     0.022399     0.006146     0.016669     0.011098 
variable 6      0.017266     0.004072     0.016748     0.004328     0.013517     0.006645 
variable 7      0.044172     0.001719     0.054240     0.001140     0.051951     0.001242 
variable 8      0.073072     0.004719     0.074753     0.004509     0.050868     0.009738 
variable 9      0.028065     0.007153     0.030878     0.005909     0.027559     0.007418 
variable 10     0.036109     0.002180     0.042781     0.001553     0.042542     0.001571 
variable 11     0.041308     0.003238     0.044671     0.002769     0.039416     0.003556 
variable 12     0.065283     0.003645     0.052402     0.005658     0.037037     0.011325 
variable 13     0.009423     0.016128     0.006658     0.032306     0.005808     0.042440 
variable 14     0.043008     0.011809     0.034756     0.018082     0.032853     0.020237 
variable 15     0.038807     0.008746     0.042520     0.007285     0.039853     0.008293 
variable 16     0.050406     0.010020     0.029037     0.030194     0.025154     0.040235 
variable 17     0.041077     0.007889     0.028026     0.016948     0.023817     0.023466 
variable 18     0.043238     0.009438     0.037092     0.012825     0.029114     0.020816 
variable 19     0.052356     0.007065     0.050045     0.007732     0.042847     0.010548 
variable 20     0.071186     0.004654     0.070451     0.004752     0.070298     0.004772 
variable 21     0.098667     0.002968     0.115982     0.002148     0.107750     0.002488 
variable 22     0.087908     0.003227     0.091222     0.002997     0.078062     0.004092 
variable 23     0.059400     0.004621     0.062824     0.004131     0.055454     0.005302 
variable 24     0.053879     0.003826     0.056046     0.003535     0.047630     0.004895 
variable 25     0.082165     0.002946     0.074806     0.003554     0.053219     0.007022 
variable 26     0.161017     0.001673     0.190675     0.001193     0.182491     0.001303 
variable 27     0.061837     0.004121     0.067386     0.003470     0.061672     0.004143 
variable 28     0.048354     0.007100     0.040696     0.010024     0.029035     0.019692 
variable 29     0.024714     0.008792     0.025583     0.008204     0.021608     0.011501 
variable 30     0.134187     0.002209     0.155356     0.001648     0.139966     0.002030 
variable 31     0.076641     0.002505     0.091535     0.001756     0.093002     0.001701 
variable 32     0.087347     0.001504     0.103551     0.001070     0.091723     0.001364 
variable 33     0.159652     0.001736     0.190853     0.001215     0.173309     0.001474 
variable 34     0.031360     0.011976     0.023796     0.020800     0.014370     0.057038 
variable 35     0.077288     0.003218     0.084675     0.002681     0.080060     0.002999 
variable 36     0.089192     0.002728     0.097890     0.002265     0.093162     0.002500 

===================== End MT-DREAM_ZS diagnostics file ====================
