-0.9329000697422678
-1.4029855620327651
0.7479382926467475
-1.0285098066090235
-1.2496615723519306
0.6634020311117061
0.3837330983443499
1.5905070927365632
-1.6889222987616384
-1.2520442182370182
-0.22601217628828918
0.21346730101211303
-0.7724959386936674
0.3748988103315059
0.149134762437323
0.7910213377338126
0.02604294423608066
-0.5925075500041093
0.03521072004168454
0.07789559120430953
-0.16180112844993938
-0.8700802726172419
-0.05603549699849374
0.24558727963085014
0.3738709735468002
-2.1765990411627656
0.691141702652888
0.4026512473848509
-0.9865336216639928
0.7160381242219905
0.7497095984737734
0.2594121926709433
-0.11306332058786933
0.9597084711538508
0.2694824256543007
-0.6140234267463347
-0.2764185685583616
0.9092928183712816
0.9535324464027249
0.03590516125268509
-0.39706045358390457
0.6450512354244249
-0.619255389915106
-1.4733212538716103
0.36107009396299783
-1.6502513362771163
-0.6289942873862802
0.46251539231450556
-0.45244545402089714
-1.6226497992592088
-0.7927371912918519
-1.5485816454827417
-0.8038576099218606
-0.20407670706050635
-1.5554089256503578
-0.8820321639298819
-0.0670704471218939
2.110455549437996
0.37997989261449505
-1.3083513495359742
1.3412788760978054
1.3438625105612232
1.3456502607358773
1.8766124587701278
-1.0325965766467506
1.8477409822526198
0.6612810162930528
1.1267710063796048
0.07559331939056992
0.10620811807712706
0.007817411148992101
0.25777286788954046
0.6395383764608499
0.04799882410056008
0.5877912014056274
-0.14592551804277185
1.5827729392723926
0.5394243668081466
0.47283244474512875
0.18404665968016132
-0.988347260139546
0.881697840409994
-0.18458800081786728
0.27527231450528417
0.8492399026710739
0.7982454697567825
0.9487275695255646
-0.7531588380528488
1.0007573759390243
0.704500046411542
0.14639963866164937
0.37223922262171355
-1.9969211624971668
1.4023879956343153
0.12015301299260381
0.3708547533268964
-1.316692697537943
0.16333809008810377
0.7452247443265779
-0.7178744593839191
