0.09120471661981977
1.0912827332721105
-1.9469703090225463
-1.3863495322369392
-2.2964915742021637
2.4098343033415413
1.7278361685799193
2.204556284556135
0.794827639348401
0.9764210964009404
-1.183427147333015
1.9163636105354793
-1.1233268005511385
-0.6640354695841054
-0.3783585703685589
-0.7916152714963363
0.8595481091803732
-0.23078899548558499
-0.06566102810479214
-0.20863623473215612
1.3468685701140497
-0.6069527973571234
-0.17424821364463233
0.4240514210317228
-1.645990104823762
-0.48354094996529023
0.5354682500157621
1.1661404863737168
0.16168310874508016
-0.6728339270735492
1.4425241316834048
-0.22148061093182422
0.03126431368614653
0.18192958803010384
-0.06292872986579556
-0.5415684599869273
0.47451841788495114
-1.1645911721234772
-0.5009093905714269
-0.4085609591074963
-0.9343483571694606
0.08451015401644725
0.14369101800794742
0.07554944133565847
-0.155645096416522
0.5508500563063257
1.7020299556707454
1.0060937025445709
-3.1349197676206337
1.1395335002938887
-1.8697993586020336
-1.7791130361437686
0.12776289729250412
-1.3510177598027195
1.5539671989279047
0.6969657514275859
-0.8114611525703695
-1.6432509288791548
0.3306588682379323
1.2249562676567625
0.09617156862299882
1.8768154202806484
0.5337805844117396
0.7983600410180657
-0.30607449971395173
0.3779738872915217
-0.22647804664155174
-1.8857445426630663
2.4725109746687077
-0.1468565871774468
0.11564919769931886
1.3304306223014282
0.10959471235353271
0.2154790719568877
0.42907008775039945
-1.1512656159034664
1.5247534767367374
0.36053584850535564
-0.6108930224843532
0.9302460334008512
0.35651301524217577
-0.952160595295607
0.1519277862548973
0.0006348859713221606
0.33502322763885556
0.3747993879432671
0.7138161576910892
-1.200813479418688
0.0013811611555498982
-0.921460026938968
0.4962278660942041
-1.3316666688397332
-2.190570488097225
-0.4360720647943704
2.5450872174205648
1.1500812773481255
0.08444546678658923
2.4862477950987865
-0.1943554026128653
-0.18621334754148572
0.8538628571904616
0.3073787016637721
-0.07224211882886701
-0.46884766741389616
-0.06543890582326971
1.0526111139305225
-1.3096332248062308
-0.6687264021351558
1.3413740703427022
2.531356843422723
-1.840548539924381
0.4050411730492643
1.6323005285299208
-0.22273914434988826
-0.577799163359741
1.2421757604068902
-0.5534710985824173
-0.722689421250031
-0.5715496445016512
-1.3900031675262032
-2.3952131403503802
1.1540164759053553
1.688095037123647
0.22378561881529643
-0.20161551130427507
0.4996451067885392
-0.18133810034232
-1.7498152613009488
-1.2104172336384655
0.4242415161056242
-0.3888016144986927
-1.556535787002992
-1.4392090764642766
0.9489273111212446
-1.5265321996900523
1.1368700712905058
0.4845256644300696
-1.00183661188706
-0.31845484811205743
0.15812609849274045
0.3608601087403272
0.2554583261643237
1.4260580008514914
0.9272507137366085
-0.5105634640274762
-0.1715671433358908
-0.910395997115742
-0.522880869067551
0.07399013300878321
-2.3467830627622823
0.0997457992594885
-0.04638016634828154
-0.24763613851742478
-1.3053691164054904
-0.5762990016503239
-0.7644703260434629
-0.060749349235527585
-2.434482426597176
-0.3309867303730678
0.47264137935909867
-0.8851684095742945
-0.9440264620320259
0.7345735390650363
2.6429429245421874
0.6117579919092959
0.6576605158565312
0.0460459805649276
0.7702626261693161
0.5930527260774431
-0.9334435787668555
0.3754332472347853
0.9197907696700851
-0.7141375176934018
0.3745060750115763
1.2571989091479971
0.9761035267318021
-0.022218207701671006
2.065936279160313
1.031906554860006
-0.24933470423377185
-1.9690559239484888
-0.32696831853292724
0.133939145944876
-0.38118939122105383
0.02482504315071417
1.6381103009358826
0.8196828952627496
1.3464947784458172
-1.3747652393893186
0.00963121646291094
1.3314333740038884
-0.8275780470111258
1.934942744280661
-1.274892266814245
-0.6568875599900729
1.513228046464776
-2.184230320302747
0.7989105974425
-1.2745884241750758
-1.1729437148687412
0.029555678201718547
-0.07404306326790888
0.5428311417216014
-0.1688833186466935
-0.320259010680154
-1.1945527388582564
0.26145781908440235
-2.508171476198107
0.6221540986532825
0.19222374655870939
1.353585936113794
1.391508364102874
-1.4449152038969064
0.5750357298214074
-0.8150903067324661
-0.521884852664432
0.7594106361890071
0.4425044599984008
0.43793135168014075
-0.09078295806648295
0.17704034527665172
-1.134140722105717
-0.6527204935473387
0.5917545512172624
-1.1898156873801438
-0.6489494401795751
0.7356188689406675
-0.055908899386230525
-0.8392457180964835
0.2827596799237348
1.2903618716635168
-0.9957165684186731
-1.534236297780934
0.10530408293335294
-0.8845672581354063
-0.3675566146929216
-0.5786305417666905
-0.9080430277498462
-0.06276836474685185
0.1679903937704384
-1.1217733302743982
0.9599431666634867
1.291133115763171
-0.241501774105201
0.12849965164634194
1.4488565923435568
-1.3601273923825339
-1.1373733019854777
-0.44820917300345997
-0.1143726217428763
0.5374070463168117
0.16307063746719244
-1.9429007158794327
0.9787417953668639
1.1334092101856625
-1.0442243626678456
0.45550801023278337
-0.7261748643714648
-0.5091707699627447
-0.777813318354202
1.474436093901929
-0.9635963643167011
-0.1434450471005839
0.4546024030596362
-0.9633988440329625
-0.35027671543335953
-0.19911850828096628
1.6123904345550486
-1.3678744997216605
-0.08073621794048519
0.1434412400750687
-0.3426440325458338
1.2978431328518956
-0.06731004567681949
-0.5008200073511717
0.7633412785285077
1.2086911071200945
-0.9073398971486566
0.8194123705767681
0.6621772763078367
-0.08840836890141596
-0.8400450225113706
0.8448242466986953
0.6130327309109463
-0.981196082776303
-0.5321601508296682
1.7238390741734158
-0.6864842419712224
-2.0786094738796366
-0.32270309443975054
0.13329902582992145
0.6982101777348612
-0.410672764024447
1.9591671646408577
-0.4943598371710648
0.18815490478007038
1.0962261765102872
0.0741074323712963
-2.414503457184927
0.7081966444327177
0.2550145566701437
-0.6844287613020531
1.147897674538797
1.0659363900474152
-0.5372710424101711
-1.4765659192465332
-1.808384861534967
-0.1896627268460729
-0.5923237207465148
-0.1448035674846486
-2.686120780593897
-0.020240656779998156
-1.2642706275609308
-0.4018357771793472
2.206279476114453
-0.03269427807526205
0.9876459560601275
0.37099113061310285
0.7165566848299189
0.14256447182783694
-0.14606680048201504
1.0858049078751701
-1.2950144047002858
-0.633247046907236
0.5019019558706136
0.1703162172315026
2.0465292802879675
0.07015149607665179
-0.05312210195663092
0.3539451154201588
-1.4939483224236003
1.5026929730808933
-0.3115646722768455
0.6482167841459346
-0.8126966923770309
-1.359887422491416
-0.07334936015185577
-0.2260851683309079
0.5404094601179027
-0.5126026250828387
2.485471714080105
0.1469096402517425
-1.14381329120717
-0.05863584145230831
1.3879942757895403
0.15122717315168716
-0.9752521851419036
-0.5227767914752824
0.7632595168541212
1.4768799298137443
-0.7613154958250639
1.4271168267490881
-0.75278760995495
2.0359671391140184
-0.24848969961671294
-1.2566264986492293
-0.28426273087497306
-0.05159333543245045
0.7413041436277132
1.0544809455213968
0.5658170029752791
-0.9905202805096033
0.07248513327727196
-0.3727074944914009
0.10276297649184664
-0.4036592961550817
-0.7778395020236063
2.5808851156214936
-0.3664179331975895
-1.8372818070592796
-0.448482987551772
1.1255692785171458
0.46336077640784457
-0.87519845861804
1.014110680574297
2.2226012685236247
-1.4403251677821114
-0.007867235665120313
0.7204589034214287
1.219479095167568
0.29984818157711657
0.9461556719410672
-1.1141188715149979
1.4932201109945398
-0.8651218605170865
-1.9859309798753804
0.11737177773807315
0.008056175378540177
-0.9839308145497955
-0.5413137909007361
0.3609937222070938
-0.4730220488010702
-0.6700027594066899
0.7703050170025931
0.5626867995917519
-0.993338037282894
-0.04476424733495157
-0.6924530440757718
0.21138409547906387
0.7102816064699292
0.9692311145971648
-0.4138566869848933
0.27478788250195124
-0.7872250262815556
0.8326714043981628
0.29312796929666235
-0.2708984674925101
0.38755014557830225
-1.793780941611551
-1.0048018818935502
-0.002356169401646926
1.2681052676575022
-0.5927251998809306
0.32621785590846014
1.1670543375600197
-0.6962559841723275
0.3933525767215575
-0.5743046973973152
2.0947484257330236
0.14510976458831204
0.8250555815730921
-0.6818717162843422
0.263859936595076
-0.5066737294360595
1.2677694919748337
-1.2478930024293944
1.933141719481295
0.18341040267590697
0.5935725821330894
-0.6569695170484013
0.26972174697991774
0.19155526765277006
-0.007840078904301155
0.39456524751360705
-1.3726590098674956
-2.851524086232327
0.7418370797032515
-1.5187436323407437
0.5707630204181017
-1.4432590686654712
-0.5323141877834886
2.3064346328778424
1.6563681825144896
0.018927526962424415
-0.5323999424184579
0.9508789278887815
-2.2164502435415234
1.4848802300559945
-0.5925406746491749
-0.8654296944280493
0.085423024313632
-0.6325665484083519
-0.7313358127408403
0.8879427867783085
-0.049609513241419795
-0.7812017818465846
0.38126736887790297
0.5896923587590667
0.7909122114484106
-0.2919967626147749
-0.7703934364411276
1.1301896804495406
-0.13715412453382766
0.8726026485804294
-1.44313573096843
-1.064574026757731
0.19781453629676718
0.3175134995080279
0.6106646641719798
1.2173877995305389
1.4150227846205312
-0.3549145163255552
0.04533777566617775
0.8426771717590913
0.26634422799593893
0.11113031992774222
2.092408674349978
1.292094900155682
-1.7515351177825904
-0.5630912540192702
-0.3239775182196412
1.8838186305598226
-1.661460442047126
0.5888722529864637
0.23617459558873738
-0.6133629693536582
0.8131685936253009
-0.3470026994434214
-1.6010899885006822
-1.1936613763882977
1.3619443633864068
-0.6151719098150575
1.3442161678999176
0.13780228697573332
-1.7785964239473506
-1.6543433214466803
0.4149833720878796
1.5688818895760315
-0.10368295983302973
-0.3722166835128014
-0.2686550698143308
-0.1474456985050614
-0.029109084464099915
-0.5286870090272157
-0.4181374639536708
-0.6319992404176603
-0.220467871755186
-1.3554446709504362
-0.17133332154795117
0.6229069912670678
0.2182085118305722
-1.116406286397304
1.0613298854010667
1.6465693544702371
-1.6537629112492278
1.2117071362881693
0.9179683488110802
-0.5450336396288648
-1.9589968338576311
0.7788384917190397
1.2032115042046583
1.0445750907297195
1.188637602695495
1.1965390980939514
0.09042376502030741
1.1700561484150995
1.4185688884711378
0.3205164862669351
-1.0496290871550922
2.0805368640205115
0.03884666946252827
-1.2459744093932872
1.1017865127191862
1.4728631465353264
0.5843352957747421
0.5472669118584469
1.337164572345393
-0.9608765477887854
0.1448361288553074
-0.5853450766105937
0.9360618353507447
-0.02611762527264171
2.5575777808726428
0.5330479984621679
-0.8717674174257137
-1.3507438682006012
1.9253077465106623
1.8463436330665004
0.42308395246200253
-0.011287444774288478
0.8883012722581265
-0.3268331346307068
-3.5594596645008263
-1.270719282500657
-0.11777844057566708
0.466826974495133
0.49073510138452725
0.8949848776563881
-1.0223009450816904
-0.633526154140684
-0.37158372527988287
0.774104663425893
-1.6229705088946789
-0.9620140111383546
0.8932779269699699
-0.2812321257066878
0.359741304409043
-1.6021644277011444
0.5847427289915956
1.4832678173167162
0.9119857893484767
0.6269081783131588
0.37769120435098535
0.5160933063054015
0.608219577243381
2.37498282552672
1.6836305878750966
0.0736366659382348
0.2754521559692852
0.017382693583539856
-0.9566652891409378
0.44261576384797446
-0.24350377797862124
1.0780486825028672
-0.13368352705779823
0.2686106915552124
0.7608449872353468
-0.6074689539904014
0.7798203611269864
-1.0879005593981406
0.3157150877650149
-0.9400121775281419
-1.3033127762086316
0.1523211220234574
-0.9330605693194325
-1.6638718463495412
-1.3312305968318816
-1.0832437396638972
0.05552462427392437
-1.6109532529945823
-1.2108557108417595
0.12561847914862506
1.3499604520175184
-0.9127202154851665
0.18891340283725103
1.1730574015864943
0.3426563049905484
1.4217021382841846
0.7771738014512474
-0.984396512707466
1.5675353754371744
0.5338436921573564
2.8109548499972177
0.45469239999928807
1.7251846249085385
0.8970538683532395
0.11488714196378753
-0.20234114572688813
0.47297838626292205
0.799357754273869
-0.35605327791039065
0.06245488360403492
0.07355154599952964
-0.22459143563620468
1.8311401161573257
1.2041588893782256
-1.7424915758281134
0.7519096955432155
0.10311652414288673
1.095359565132464
-0.3844587754159564
-0.4447020962039622
-0.22027507743285424
-1.2761905957214494
-0.1727224057980247
1.4465140161107566
1.0077522129973053
1.290655403190533
-0.1980300006270693
-0.7377091340001163
-1.7107957458017828
0.19643221730566046
2.023493347955002
1.4558954738129404
0.9911206388494915
1.4483579229094756
0.7422053538561125
0.2515005033691083
0.8493419631751773
-1.2410862026784166
-1.3310539506911276
-1.0002833930690742
-1.753015746445908
0.3796249387871144
0.20678618548986216
0.21732272719686216
-0.3632025385638698
-0.08125559410194648
-1.031056818734273
1.9077090091943258
1.1950262872337571
0.6713624431059555
1.5269960685956945
-0.32876937778917487
0.7574150465439409
0.2694570170781741
0.08991332968516277
0.3773501148919921
0.4776473212675419
-1.3470906161809597
1.6370302409813162
-1.069854567613129
0.28572190003905684
-0.3721990049535904
-0.5503788932633767
-0.6611945262261079
-0.585042277860618
-0.23732494630676737
0.8597891863745736
0.8818403736994752
-0.3758265354699136
2.90092887258945
-0.14116651456709253
0.4659815479864079
0.17085900825798303
0.6219526451254482
-1.108334490562007
-0.41941718522521537
-1.2712752139328347
0.06476273465751334
-0.11965793223005486
0.8471600467789486
-0.1434664861577061
0.9620940709481942
-0.048538926688028596
2.326214390010035
-0.13603555527521657
0.710145104377299
-1.0716663385390743
0.22452284484105609
2.34649751448257
-2.080823406972359
1.1685810349493189
0.3238499171527467
-0.27525112765336873
1.1136836231023965
-0.9239187050785687
-0.6804408327665177
-0.1659080147206298
1.2249760929092683
-0.9982502789595071
0.2319466004812515
-0.0158675107393889
0.041597085305095545
1.0917497935928206
-1.2234553893555242
-0.4935464320767578
-0.6253146868921362
0.9151316301661618
1.7976945443752983
0.2927527976049396
0.6417808442707589
0.39160964586736596
-0.1533715079498525
-0.37382399812926514
-1.0453591446084873
2.2138741031884335
-0.05923833939928384
-0.03977453307806906
0.2770588268125818
-0.3243446886010964
-0.4816390419607781
0.0636970561835686
0.5066896662020179
-0.282037283287544
1.252510099546487
-1.589430739870288
0.37283406750726045
1.1839769618669485
0.23690433293929403
-1.1275622756611958
0.3302345892550185
-0.7673776476795062
0.53091751612551
1.3458041750289507
1.7722930694840695
-0.6753958789516732
-0.33401801172539575
-0.46012187458596676
0.5291014867122436
1.0398914022344439
-1.571073647388306
1.1601167323500758
1.8927410846531474
-1.9879325080425225
0.42979531323501113
-0.590886597827777
-0.2129511537284495
-0.6602107859202572
0.9516270517939851
0.6925265833589823
0.10591268218456054
0.42205788628232715
2.093523535060395
-0.8098134465010377
-0.5073966068697792
-2.1615778326517128
-0.69642699504528
-0.12268576837515097
-1.67343756502655
0.9311765646852128
-0.11398789299452072
-0.4456962259475477
-1.1571079990702846
0.2854688428092421
-0.6227132058258009
0.8673614405582925
-1.1464306288126445
0.1107088938614196
-0.6035823844016512
0.8711670822198676
-0.4826636845726224
0.8557429679798039
-0.23773077684818536
-0.6230985532428207
0.3824924513807532
0.4970955120644897
0.2662897348328331
0.264223585827221
1.1201445227595428
-0.3327974856894867
-1.7815820527632091
-0.09814687850125489
0.7566237468948772
-1.2938206467897269
-0.1578358088971401
0.8750291267371452
-0.6328359517237062
-0.11365025472819051
-0.5984764931277277
0.1854227857913612
0.23772840531713488
-1.554441549475818
-1.1263796846017626
1.3501702148774477
1.6568750419341396
0.08159199864279565
0.8768441874084482
-0.5342024084109805
-1.2454089676253595
-0.03153589484529725
2.021509341181942
0.7355029944039215
-0.6688996420736235
1.3449951236960036
1.0117386294879576
0.3136519953057832
-0.819981750407029
-0.9511361340379502
0.3301440868527299
-1.0336684616065572
0.6033476817621121
-1.2945771176991265
-0.9533168792267808
1.952185315337302
-0.20052327667451408
-1.0876580896729575
-0.17545794791728564
0.6616877700333504
0.5240306180418828
-0.36065507988044243
0.41208697189089355
1.2928558077429824
-0.5436291859535501
-1.6668675787064708
-0.5820851321042833
-0.9859989900222609
-0.4881720976973475
0.7872314545494897
-3.170939783483184
0.5469958325584404
1.7721666917053647
1.9876210615691243
0.8204924876350149
-1.3374223765110063
0.13073723566638448
0.08714314193939232
-0.6118685542845468
-1.878477699578619
0.5410653852836694
0.8622609389273488
-0.6439770541624744
3.0604676963514996
-1.4576186966574733
0.9779477772001502
-1.1937160575937387
-0.3992904283187301
0.15521003444182657
-1.7713864562546944
0.1177767671434738
-1.9140701047225548
0.5000867288468658
0.34713776323383966
1.2096838748491066
-0.4341556506727247
0.32655412593569416
-1.20022878433564
-0.023161513972107303
-0.2635098480980422
-0.18380135320673865
-0.4481213737530436
-1.4283035504044903
0.25888253705270303
-0.331625104022532
-1.3480652652052105
0.26983440973118544
1.4049807548077446
-0.5900377724203602
-1.2785269799166965
0.6661524211330865
-0.1759603167188103
0.5069330450421979
-0.1908329179223389
1.397435093847849
1.3135972844361243
-1.6745658911738222
-0.984951394554243
-0.060483909878452216
1.485036017793502
0.11822091081794572
1.3930232726063465
0.5178638124102403
0.44591926764215684
-1.735781081967817
0.29072710032542676
-0.24117812533632935
-0.5075099671973343
-0.7695330891717693
-1.2849912727478632
-0.08150744634198726
1.2671754846731558
-0.10050799890802513
-0.672391109504177
-0.3533664548354178
-1.01941452229305
-0.3796193260821909
0.5195452693568766
0.40952236517027335
0.5488723481092519
0.02624258587339452
0.2317619817035393
-1.0297413870309153
1.5148556643726052
-0.998841653474312
-0.1284701032814147
0.5827979986353449
-2.4130403720112423
1.0771031610859574
-0.25601241828532456
-0.7534419994986148
0.18243867425496055
0.36835617583521024
0.26815291269218017
1.457740618682245
-0.32448295805295846
-0.4187164054987907
-1.8548882406063547
0.5621420093931532
1.4681365396136397
0.7251925577402026
-1.2217957755924247
-0.8903681991810909
-1.169079363226301
1.0346184458871128
1.4357415189025322
-0.23504481661703222
-0.5514636698798329
-0.3323663190005644
-1.3978385622190488
0.47558973098076074
-0.14118804298206677
1.972777993740305
-0.4921222218868201
0.2225583387232646
1.3705268088657598
0.2285391730245642
-0.8024082783054926
1.2503545060556676
1.0152664830742797
0.45665763332710707
-0.6691132109736304
-0.20429547619565339
-1.0075196887696696
-0.9505584966070476
0.5144225362869219
0.48672227092180703
1.2382945885427248
1.3186819552823548
0.047311036963969016
-1.6147254970208247
0.9925197954503316
0.6717208403964486
-0.3857600721740741
0.34840005407057323
0.8059921344244168
0.8210976510393589
-0.17055391085266686
0.8934318683416617
-2.140782173930352
-1.192808777058774
0.7216921377718332
-0.17867705374942325
1.0885339881205423
0.27402617703180004
-0.005883012130181385
0.22546752280618898
-0.7287616982849114
0.7459110114136883
1.2505415838631406
0.7214452040555432
1.09399392325516
-1.2489831519859922
0.543298306735514
0.2886781987461931
1.6150582878365831
-0.7930330811596065
0.9755486011088701
-0.2554018625605762
0.504375875963485
-0.06770567826232732
-0.15952697625316448
-0.18750513375194677
-0.14667193299812822
0.2399291581060063
-1.281121656316361
-0.6461708367033588
-1.2385112202886124
0.4374457246179703
-0.06725486884429209
0.022814882799363386
-1.1221914721532142
-0.2584899272270525
0.31431617042703286
0.18247400803205704
0.880401203148024
1.4924644264316511
0.35678713731538025
2.912008500740485
-0.06118178802575701
1.522174026393062
-2.103341724652687
-1.2617250755461527
0.3023714198791074
-0.6596643955183823
0.44278262609046803
-0.2980079720930029
-1.271171758308777
1.2293049901189035
-0.10175884338827391
0.07537944911535739
-0.7401274336223673
0.2757184703037256
0.22493179179966824
-0.6631312975490902
-1.011060479086487
0.06589067448166794
-0.9662603549455516
-0.9184553773212445
0.0014697584210543718
0.1468059054471515
0.8193542784730362
0.41207330654774427
1.8154222828456845
-0.6971624881887236
-1.2110797872972936
-1.4688030577173683
-1.5020912051209343
-0.4507080397376391
-0.7097084915509612
-1.3859790367992941
0.6343266388889213
0.45802593193687036
-1.338049717852195
-1.492799808006341
0.9475126184734131
-0.9452070440522914
-0.42704870500009845
-1.2663335748316749
0.09074509223392456
-1.521627306537738
0.5933883729203372
0.9975024345442854
-1.5218513878832507
0.9881803598091848
0.30880915176062085
0.14906911809488932
1.3810168643731242
-0.47275729683604234
-1.2633319747496943
0.3518490343410898
-0.9901757024648005
0.46280139572180246
0.0886554558579327
-0.7518089398823884
0.680932659825406
-0.0003850091606131708
-0.8305997722217405
0.49540666610171835
-1.0982035820237008
0.7931658129155248
0.06505380046245803
-0.07461791394006234
0.5500566722396447
1.9912575427529149
-1.2060935910553976
1.670067195714451
0.39033693217494103
1.152012628460461
0.25395684271527347
0.11432646895959182
-0.1027232740988824
-0.45863340656692037
1.048879566327137
-1.4668822585869796
2.2373312474633114
0.3083093155630866
0.2644214795435998
0.19439040378337608
1.1688810281762234
-0.3649053322731868
1.4416434216606644
0.3976242777310626
-0.004328320961791749
-0.21593675758306385
1.7902475791113917
-1.6724720963173416
-0.8395583604991367
-0.2569878353580799
-0.7789237367433891
0.6135880481679858
-0.3627170058721294
-0.2621506813029091
-0.3091514107082594
-1.45743688941369
-0.5304485496860116
-0.7660177726098366
1.3041844321825025
1.3903612388966795
1.1054869075715603
-1.0463834009132167
-0.4395493591148221
-1.9284330969765406
-1.774314063197195
-0.47434323469008954
-1.3687217304677965
-0.08714524313714107
0.5482819555513617
-0.03272964485294014
-0.9579216122557401
0.017358626244693604
0.34399921271474143
-0.17255863606024618
-0.7346302207579068
-1.2382036992117378
0.44176306390616427
0.8712661351983231
-0.5234119651287049
-0.33138718862886135
-0.24217476595685808
-0.5139984143628933
0.19999983850307335
0.4455752367744428
-2.002225849462657
-1.4321370610446613
0.7696809974532233
-0.058867898391228524
-0.15963774604148473
-0.4316060805698238
0.7960348165246519
-0.28652554690362786
1.2360079589454773
0.39972061650579277
-1.2766571968424876
1.1129887414682764
-0.310420220149485
0.48548290193934107
-1.5051159556050278
-0.8703782924610668
1.6222948745297225
0.6858793982647351
-0.03123044908433682
1.6116960035636005
-0.5877320336843056
0.977019661221924
-0.5323157377842327
-0.7846509579127762
-0.7104355230001805
0.566936092765427
-0.9112087039728443
1.0726709941898647
-0.4001308219114459
0.05404034848321275
-1.0441432621631763
0.08717480447207565
-0.01060508662957974
-0.8520397117676333
1.0875396592458133
1.1426195490726474
1.1119612509413284
0.21014038670416696
-0.5422568477806106
1.1522966087712327
-0.7595643708346097
0.7438225903818946
-1.624327265159223
0.3089395083751022
0.27931037957698857
-0.8553950976198045
0.6027796945706858
0.4883216104944681
-0.6012292200401556
0.8054489343837854
-2.2746187909388063
0.5881636150787342
-0.4339661529094496
0.2086161727538096
-0.022582981956084186
2.5994539547501643
0.508025288154667
0.8201698587683499
0.21997898940758517
1.3174434412369693
1.0920806159418555
-0.9270255575268823
-0.3358089916830526
-1.2061295674386008
2.8596901450403425
0.3807441794354188
0.1271233142601041
0.7252214473977571
2.009600540684261
-0.44251021826591175
2.0604750188409056
0.9006455100101698
-1.3002815382880053
1.6772006371334818
0.21537344946117834
-0.35201827389550616
0.7905417158263592
0.5075446067657747
0.5852558327582731
-2.1909654943822643
0.8014492598967715
0.7681535147214078
-0.6535920699126931
-0.5625382187579487
-0.11233978666002707
0.27038566848326473
-0.03829705041817227
-0.37468366013318793
0.2662126607978959
-0.23878787703852053
-1.4769869559164008
1.897346404225666
1.0193246630123236
-0.20452754430455725
0.233283488900774
-0.36527809738379546
-1.9872987966137337
1.378809976414915
0.4196931559936982
1.7641744905541852
0.022996398948724007
0.7547664872475972
0.6811602463220925
0.5215678426886612
-0.4002674172976963
-0.19058371528497436
-0.2600568108920271
-0.5293561948467926
-0.08790343936470331
0.9395578026772492
2.6530873648521163
-0.7613025552784755
-0.612374935023623
2.210566869947761
-0.19507657740533327
-0.7441168936644291
0.1622498692335195
-1.0453382443214814
-0.7194533228779347
1.974218474455891
-1.554717396963342
-0.20354930758673281
1.9277686820101467
1.705249261771298
2.5400214539588872
1.3866120206500923
-0.24754919911534554
-0.16305353371989892
-0.511805911095464
0.646254243526205
-0.3329702083428492
-0.7221216951273461
-1.2169715997240758
2.251319046375622
-1.223966201014269
0.8599103586868293
-0.6968845141878722
0.7441254660446924
1.169191061103971
-0.1497468164309148
0.6322915959193998
0.9260331776790054
-0.5558998576121328
1.753530064873017
-0.2989021983822412
-0.7033627654959317
-0.10871771331436464
-0.8701950602803147
-0.2058928175833622
2.241237979708486
1.6099890427412662
1.5866543153274844
-1.4512250353205292
0.7146172230923873
2.3408841293806173
0.72796298797092
1.5402060738644079
0.466664388182808
0.006006192001430702
-0.3354223183280205
0.4870296261087955
0.742767061576441
1.484633240330629
-1.5639544261273637
-1.7350151302965224
-0.7266785399439728
0.2967538430838475
-1.8193672191502086
0.6401503225247248
1.8502583246929738
-1.007321266521016
1.5568745257151935
0.5425873637588268
1.946343263800506
0.8271002089546372
-1.6897832598574356
-0.019361324498594415
0.09526369525734153
0.16078761088138738
1.7445099738657854
-0.26988850635652833
1.515926310020899
0.01637061511930744
-0.12337190611961173
1.1530249503668417
-0.8893212767030071
-0.6793099426623685
0.2834390799561435
1.3164642390738832
-0.3560464657123063
-0.3511345199838077
0.466889441768658
-1.2648585770278586
0.5970150300852455
-1.445330566127885
0.07598745662025136
-0.9576263505027833
1.8525435315369083
-0.7661922201829183
-0.4178521567759216
0.023128843392800382
-0.38591892575184544
0.9719518011816033
1.1562479713424763
-1.5332312243827144
-0.07808224208983966
0.7097054832171585
-1.5818024560399335
1.1204960270681084
0.013631107756023728
0.8408676396755213
1.8829393247940156
1.7438618049558754
-0.11696889697711073
0.5441198322932359
1.6524623207718745
-0.24198762867110288
3.0133051072871044
-0.04951933422697384
-0.5595478597394835
-1.2227949653620935
-0.7533101535211131
-0.5219203921325481
-0.5960849517975404
0.15536734402579977
0.026557966126626295
0.4846049038696785
-0.2876046608419211
0.10629305083480532
-0.296049228423692
-0.5960824870617716
-1.1754114759976992
0.15035331339517422
0.5034153720109017
-0.907430629054782
0.2854371042637558
-0.7268467420043239
-0.28377212503737936
-1.4682078091840847
0.4592550131951286
0.3929382487749881
-1.1177340967913216
-1.7503041327398654
0.6879223423068803
-1.4650459291553912
-0.3948423185424304
-0.28346549161179996
-0.32011718589271054
0.38749600094775954
0.2808248178707074
-0.21022162113414986
0.2478112557520064
-0.06890739830096668
0.8186097681675869
1.0095164357667703
0.1015650565660982
0.6087238623841831
1.8010662621172404
-1.4137346771058272
0.5430241314149158
-0.277927255348838
1.5180318896537728
0.28488055869287554
-1.0827914631817437
-1.227305681432795
0.1271540623735218
1.5786039877524223
0.19839153044091373
-0.3420184688232378
-0.6069252287654954
-0.9068343639846033
1.3595419144219023
-0.32261789382132666
1.0488079604126659
0.8724582300492452
-0.6161406905703379
1.8042095691340767
-1.2027139877001192
-2.0670716652726115
0.13485247910135637
0.7207868868573493
-0.8784465831617093
0.5663428012531573
0.09895508734898098
-0.3958643179945307
0.00693797153177886
-1.223610367850315
0.005156362158884221
0.8506235144903218
0.2801505282116878
0.4533707957839492
0.7093662222897517
0.42514894058751884
0.03930041934292269
-0.11464629125599932
-0.16352230792966643
-1.2162184600212191
1.6938221153791566
-0.8220759827311948
0.9915158261254381
-0.35047773689374123
-1.7357875128213907
0.8430437203794942
-2.2528979503198117
0.6018288554155238
-1.156047315584854
1.0963224493954702
-2.7159806522259524
0.78293220862625
0.09575143030590877
0.015788798246831562
0.29547497892204405
-1.3972501601408283
0.28671242509855205
-0.2378247958817023
0.3511808893772235
1.3655880043426039
-0.812491299297106
0.18837732719216935
-0.11417101317288526
-0.4912818648437853
-1.3388056528643086
-0.5937027873202879
0.950554664515696
-0.24574722725298587
-1.3157607848418236
1.2982056649718754
1.3313290655966519
0.7974485391178415
0.6072820048420103
0.9654848487329452
1.5161920109186409
0.4626975146402062
0.6591958515242802
-0.7704230314977651
0.3711834780115501
0.059909508072641685
0.8737416937390645
0.21096592385701024
-0.19512702618079922
1.2279914424617493
2.8959351452281306
-0.8261945474776518
-0.5935841272281179
-0.6882194332922682
-1.493150842525623
0.4069985985166148
-0.09442963846454668
0.11112887431218293
0.7188620923780472
0.20851175338989764
2.6046320156934493
0.7432234552274294
0.47062028403201156
0.056613887474839385
-1.2798049228164126
-0.33726833959037195
-0.8782573638843528
-1.0781410345925235
-0.5498435954690828
-0.8438738754878017
0.22982176522466985
-1.7166778295883878
-0.19328662129190302
0.3944520959367584
1.9305971176072187
-0.9301781517623753
-1.2550054877565224
1.0531621415029124
0.05144803373873699
0.8990965063499916
0.4788993212803564
2.761336797329072
0.16742252884351044
0.9842196460281983
-0.6342169265958287
0.10453745606993622
-0.7928022146984371
0.37075582544865343
0.7154743685251614
0.20567027515715355
-0.06395184462401822
-0.07639537371463018
-0.2559445909247107
1.809069688702201
0.6955853916012626
0.0767851221982666
-0.3603635283717924
-0.28713292743520735
0.7938385392484287
-1.0749417264252707
0.7309018262363333
0.2594020986039777
-0.891233193601329
-0.6806839366381565
-0.8002518887881612
0.07914838304539529
-0.1286866516379341
1.2007702257406478
1.3402862150997812
-1.2643990773065803
1.337982796351459
0.38307077822719976
-0.1143776227276145
-0.13372056023770382
-0.7649315545588532
0.21760182251615867
-0.6598997689049299
0.40767522093393077
-1.259291763608888
-0.26378360731153866
-0.2041724185435539
0.5812422703264312
-1.0336870348109055
-0.6622628436106017
0.7808000464050863
-0.21876328370293122
0.4213860931722205
-0.9257236303073649
-0.36875404036305093
0.9876835899971617
0.844007228625253
2.504360153953264
0.28530008790551425
-0.6736469388130493
-1.9497966537622748
-0.2850603160132945
0.4589659543130137
-0.7460920535089519
-1.2293507980000664
0.3754032009527048
1.29536560811447
0.16282231745642267
-1.7217046575245414
-0.07610761493937575
0.3953753115839758
0.9647346571250928
0.16946602995594556
-0.8661611098455704
0.619418763806109
1.4444890166540851
1.0048058811440188
0.5543999799966643
-0.8733520422899042
-0.30117508066322873
1.3601318636012092
-1.3471782618113315
0.09313297052830131
0.19346650692488718
-0.5191323119513093
-0.38330439390368787
-0.4777777638687024
0.3182597315129724
1.2272304871635795
1.482645525707772
-0.41674783443579416
-2.0653146142774337
0.5936144312393531
-0.6210682579622279
-0.011968478673351105
-0.6186320116376048
-0.5615091195628259
-0.7293501114813467
-0.9241415642990689
-0.7108522353380048
1.1161407930471325
-0.7427577756010677
0.9536573091808374
0.5404604909273744
-0.7387973909885064
0.7265959397755701
0.304937126720387
1.8273627088906468
0.7229314000620264
0.15789878957482853
-0.32793195280731474
-1.4555745647952574
0.18799445064916934
-0.86706579432725
1.2350207338285017
0.025456314758399847
0.9353991585616279
-1.2480920469418708
0.5269137769946002
-1.4798295740288336
0.24819465734323323
0.3709994962477225
-1.6430856073453388
0.3773778969468966
1.3834515347273806
3.023886707104657
-0.6219555671249203
1.2598332870383286
0.337622632445472
-0.0721915591223116
-1.6657208312434282
-1.6822081846312111
-0.36261537666947463
0.5979031969346521
0.25356458632384166
-1.4605710469634927
-1.4283686611742126
-0.8302514061841775
1.2534967589110737
0.146054338622778
0.3177525072809451
0.523895772696351
-1.168059536743566
-0.31466281717577926
-1.1703087970832478
-0.12735637751215695
-0.6088454844901825
0.18750273426669026
-0.21985471010742302
-1.2009032774682595
1.075398427334429
0.030061822031535
-0.6628294605483044
-0.42053164724365705
0.28160193496183533
1.0213014514440206
-1.031437310081
0.3339972104946244
-0.5110102929314317
-2.3493965932044523
0.24091115725346487
-0.528058829348707
0.7681738975104917
-1.294810437678088
-0.8155460448565672
-0.06775792892343363
0.02133550193624852
2.2455247707562354
-0.4135311016799069
0.9121972506006081
1.3056522862636248
-1.4572838282185843
-0.7182703430448353
0.1516349238787966
0.35484341526830976
-0.00865723315333277
2.0475688855563905
2.2472611241020486
0.12006261005821305
0.2054867497464081
-0.7849028616356545
0.4583610790341387
-1.5043304160305941
0.8790089288173948
1.798632518454158
-0.2553764797309147
-0.6222123400390802
1.431827597502555
0.5017541862923547
-0.2605996067505499
2.635689645098394
0.5965855413266798
0.9352477166674441
-0.8012622692195038
-1.2827839064553987
-0.48083479506746307
-0.7353217582784348
0.13187586990489314
-1.6986328675365656
0.7634031167204299
0.6765999960193232
2.5150788095440366
0.06369817986785181
0.031372854996985534
-0.5622825948881415
-0.5240420091366123
0.6864391436366298
-0.14987955216651871
-0.5109388354550626
-0.07444308501569334
-1.3496732301914924
0.23100829700868866
-1.4540736599096813
-0.5891431553759952
-0.488066357023593
0.05287762235423293
1.5873735675720744
-0.26767031191194307
0.08697578625131022
-0.5839349176427416
-1.0380906596321116
2.2039643281795507
0.5539304124362588
-1.3341834153255285
0.48677965328241873
1.0697439125106187
1.0379694015622
-0.36174127692462804
-0.016837519239303805
0.6201317918884777
-0.36527493611935
-1.3048535539811856
0.48555354214301677
-1.8252500793414403
-0.9005062249467138
1.6791644720934347
1.0153437058236465
1.1940378945232393
-1.1987177073163784
1.0794325965777902
-0.01444116908481396
0.10096908769253526
-0.28300024013143954
-0.5378545969604163
-0.3450461138447814
1.2196877663678167
1.2671454089315621
2.431992287872278
1.6695365881483561
-0.5401758270558341
0.42032720163166376
0.020319319662865324
0.9036704213207676
0.3319602935153173
-0.6520563710900544
-1.447558984405725
-0.9220665385363476
-0.637225058319208
-0.2522899334358573
1.8139419676657078
0.5865658810226818
-0.40197922622765914
-1.480334013815622
-0.881076417872669
0.7083932388261032
-0.5894508211849474
1.1851357669953662
0.6216898552210065
1.264054488547529
1.1479489028168737
-0.097366516909548
1.439311565067086
1.9378840782821483
1.5647362658097177
0.30734273811977036
1.2281573654631848
-0.9380044751635965
-0.4468426112665267
-1.652755503651084
1.0179627553844415
-0.9905951464398005
0.11858470739227647
-0.053749590984695464
-0.13143649803679033
0.6865936585382684
0.22018144549644603
0.8632290276114479
-0.12085533664759926
-0.36003118617192753
-0.19552256461549586
0.7188329931647838
0.5568427538790566
0.18514377014809985
-0.6876142852819674
-0.2562716412543461
0.8226305571302299
-0.8050197085904086
1.0021943276610452
1.4795123748399466
0.41536622296676456
-0.3699866733468952
-0.7710785219849691
-0.9028247607939945
1.3807741676989682
1.3116126710849538
-0.1626167458909879
-1.909748745552994
0.3871298400006804
-0.9983148832911458
0.22194489651856386
-1.7315781921592992
0.9089290908196664
1.2858430577208444
-1.1106012614789564
-0.4690603051979326
0.7649824729237978
-0.8018829489269297
-0.3247346666296763
0.5082608465621039
0.11322971192442612
-0.5695528805631304
1.333972214450824
0.14326993802597737
-0.08457614286125505
-0.6063875818315253
0.3118157551400011
-0.6875899447127984
-0.309119085060503
0.6861378769103654
0.39748963165948875
1.7692858482429614
0.7290822798357894
0.6685310474099732
1.3170818055160152
-0.35879984562341777
0.35982195586564064
-2.66212649289907
-0.017062683313382662
-0.5506566285320147
-0.9259398154404239
-0.042230582578602884
-1.259812344665155
-0.25360445435537815
0.23471395863949598
1.6495978226297365
-0.8984804313641889
0.6387055026092945
0.08448421877055419
-0.987509044632855
2.015097266667025
-1.2559720096289544
-0.22892970210563482
-1.4090488585213243
0.7878330975714053
-0.19462690944872055
-0.3726918108418861
-0.6938788703477505
2.0877207454337845
-0.7925245692555868
-0.3060434251527579
-0.07562775883960925
-0.047347517426302776
1.576049838274824
-1.192309360171117
0.010239443392847767
-0.5760579607137625
-0.5282896083763882
0.9223587736107604
1.4661172744145992
0.6076987430640055
-0.41075720187748305
1.7312319799849207
-1.4744124235772122
-0.827025977242092
0.5045268869262056
-1.8541652309729006
-0.3439721173446609
0.4152171662690921
-0.8700136506600983
3.014948773095649
-0.5618947791707954
-0.40830112863291523
-0.24804320749891423
-0.3163539841355368
-0.4933060261675633
-0.12981785599059256
0.3154026618482227
-1.7056799099275601
0.38397093988847436
0.46890489613493513
0.659524923136431
-0.2387317899220666
0.2975611755244661
-1.4868559816637716
1.4854890391207447
0.514687221196421
0.8012448985244286
0.9112807452052207
1.0754433309205942
-0.6416683464960048
0.6865194177256047
0.23009713865340492
-1.2631835935317257
-0.17736286825654968
-1.0829069093009331
-0.902960652782942
-0.9582981903735814
-1.028775981121087
0.1573130481287806
-0.8640622826691856
-0.2622495596139125
1.22350423756729
0.1273225813028542
1.1485993315600738
1.396874478103853
-1.4052903666432708
0.4017675152080244
0.304432529101528
-0.9895768916739333
-0.9696011284085432
-1.6121859434831805
-0.878032338969632
1.360547317735182
-1.0070968434496719
-0.6841055048014008
-0.2815125823252363
0.5433908132961913
-1.3833290608702231
-0.7061033789406693
-1.4339739813215304
-0.7845756337708624
-0.4609595686385645
1.2778575074651335
0.1518648381591251
0.811681409043596
0.9538990520194839
1.1182805597623164
0.5586248186719038
-0.6129900667810977
-0.65884418216877
0.415954090451545
-0.05964914577633648
0.09236626127806966
1.1004524277776315
0.6613854993001187
-1.1159701387427663
0.36446526477906876
-0.6263804177482587
-1.02581291277991
0.17548129158183823
-0.2079579368862931
-1.0166647339081585
0.13658276583617165
0.41261573312706873
0.8729666070326532
-0.08537974053401443
-1.2308488300808622
-0.017634173076416588
-0.3548465190613113
0.6787384826948597
-0.27378694163475925
0.37315238595678263
-1.928084431739065
-0.6725375698388081
-1.846792916994239
2.232152244618681
-0.27355276721217947
-0.9061679497682342
0.5162102358339545
0.9463435415055406
0.2450162186663345
1.5390182880339662
0.23621917963677888
-0.17773167575395557
-0.7557573724410943
-0.8830968949462383
0.050230641683706306
-0.04997366731626363
0.41750229710052594
-0.33158242225945606
0.18214416045508777
-1.9559354390965495
-0.41262077524207813
1.6522323038494913
0.3585188270462999
-1.5353725066494084
-0.5797444393291253
0.006146438551050155
0.28951625399707587
0.26266588465528334
0.127485269394067
0.4230495097304389
1.3336724533809474
1.1931906912210124
-0.6038264465605292
0.8791844377121104
-0.9617361076546871
-0.5608926227591489
-0.3399736818266149
0.012976416199654216
0.79805733323122
-0.49250107518640157
-1.775680257658529
0.020781442343992585
0.424757421817762
-0.3558945519398364
-2.00444471887551
0.2596786397806775
0.11740543894675425
-1.6357259804821156
0.8646147082813046
-0.8820138888682655
0.8859544484054537
-0.24141514112881185
0.08791631344692169
-0.17471333304257636
-1.3579402406709231
0.3637182121414745
-0.08612244559425955
-0.5339610622281702
-1.2884751588272365
0.5472083738973331
0.725480472763202
1.4546607893607777
2.061409671609815
-0.702856096260454
1.3442454570933897
-0.8935456509115237
-1.3617460143081512
-0.6712937938759952
-0.790018316036481
-0.34186275219686046
-1.1214455271358477
-0.7890203530273112
0.6332279379218967
-1.7031011174456316
1.1340141309676874
-0.10506251946011325
0.3224845231803165
1.3177232435362005
-1.033344059680087
0.06767886888626062
1.0446593685312036
1.622835447624265
-0.1227514976936511
-0.19560030020043756
-0.3563170680714001
-0.4321751110088212
-1.3278303225543202
-0.540747672406725
0.21974764205347222
0.5655942687784178
0.3814105649990576
-2.4092239689393393
-0.5400938741339711
0.8538879223140473
-0.32414234063998704
1.5745963447315159
1.2397439324596453
-0.9275273961427093
-1.1086360697318831
1.6800626437610722
-1.6714079435080471
-0.8054095398636182
0.35016629804652105
0.48277004166325244
1.0382518362987811
1.2637286035218236
0.8196151746705738
0.7337168582368058
-0.0754058581852882
-0.9156108291379034
1.4479523923718587
-1.1437898657095593
1.732641273457034
0.1262220069966472
-1.3715169700651482
-0.9427585977506338
0.5457766243999466
0.1266305468288421
-0.02911738451259181
0.41990452972640163
-1.9682874456093402
1.038767286306479
0.9071101998543832
-0.8762398422090328
0.07219150614189257
0.9392248076756934
0.6769838792785893
2.6933451703589943
0.7946572426573218
-0.8705456811546088
-0.07923656238153096
-1.7280210392054094
-0.6830465150448515
1.3543099910876406
-1.1353786046373628
1.0309897595898811
1.4430668151471897
-1.5166096199642032
-0.21858261830914133
-1.9090797559640456
-0.8038199741197902
1.3411321749498206
-0.38538110930649244
0.3922424895516047
-2.6374033574468685
-0.07240497632530708
-0.25783791358715147
0.6721838892285285
-0.333192439166522
0.26085779357611666
-0.11061506882417509
-2.1568020577578855
0.08394542294839283
0.18220797716122825
-1.2782594836882142
1.324555375628621
0.4884866412133163
0.5157594916846833
1.874318566331766
1.2023815384284549
-0.45862974866674194
-0.06703463770142448
2.236861958437387
-0.11307211367045533
-1.042388887922004
-1.076874490261736
-1.1011183292924203
-0.35515271317973224
1.3089648887562988
0.014523009689365674
-0.538873546002964
-0.46042739596989407
0.3906025705400056
-0.9719812275456687
0.7120838461973591
-0.20102328743184525
-0.7147502797004913
0.5385763998381762
-0.8837223668677691
-0.07856226103319348
1.0618825522226703
1.5686275938477936
-0.21474311926362416
-0.7815765261462245
0.4262467440957022
-0.03706693701236487
0.06176056120105203
-1.3523405258828072
-0.5513011819572922
2.493035852773692
-0.4762784861082121
-0.64898591965025
-0.20891702714113106
-0.6153200670033583
1.067167737551609
-0.4104984146881689
0.6981427687673424
-0.31833249908582184
-0.9938609466521167
0.20638915969567406
-0.376288032801663
0.23152571995563465
-0.4364099208651185
-0.2543799629778525
-0.13533152577118066
0.3455749304261452
1.5438115981596647
0.939911384679348
-1.0429188127151785
-1.9293223604990808
-0.08927015227396315
0.7127243525589578
-1.3596883253796437
-1.0490473162028338
0.6267346512939821
0.5849061904527465
0.5438631091112361
-0.3634157380922603
-0.050575552691427425
0.9447258348848431
-0.4911414165046144
0.3800004836796393
-1.3720670943576045
-0.7261785038364037
-1.0352448398316718
1.0286104315791178
1.4291177191147766
0.32978246560004304
-0.9520928547871159
-0.7067032580267278
0.3115417865048025
-0.04607411169571841
2.2415627210913285
0.25252017393917914
0.28581041994041695
0.5922571618264456
-1.8009022185589556
0.3023281392033709
0.3668430205236886
0.5460959869198412
-3.8182563090918453
-1.3230035360929082
0.4149522376751018
-0.25626907664480797
-2.2297519718073233
-0.6895935636819587
0.6661131068929115
0.31158227197346483
-0.3544671520425937
-0.13251844781281522
-1.2547676056460721
-1.3871725504433186
-0.5527520735034978
0.5961273924244354
0.058320165617145446
-1.5224772081159987
1.1039200447841495
-0.6138897446895901
1.529785775906302
0.9782098460333573
0.07917864255565192
0.41461895345307515
-0.961986442500148
0.30466554525434936
-0.9914323159736553
-0.28245820520566955
0.2583729053041266
-0.7778201587005584
-0.2572867961851181
0.15119620857049162
0.8265904682079466
0.2219901553552817
0.39796406889863306
0.06986198897969426
0.5025053697622395
1.3853369160876383
-0.04348920282816309
-0.6578147881560896
0.36510495897784023
-0.6371761259116928
0.5758431239418323
0.6780663688815356
0.8845176130660168
0.14272139636978748
-0.7133889724951876
-2.5780235958685647
0.27463786475176605
-0.12276150317704418
0.7286996607151109
-0.3481202739913942
-1.864296114459943
0.21675360734960356
0.9373955172538732
1.731079857078354
-1.0639505170931665
1.1786582748871313
1.349989865631417
1.3655932720240698
0.38287829467450585
-0.9738832768740224
0.8558214635502301
-0.6565782340697992
-1.192452129474553
0.4330279610664034
1.568586173986677
0.23688659216619423
-0.6836155463187995
0.1236873614553626
-0.15460137643255495
0.3164694377902869
-0.2565621307355737
-1.1519174252222388
-1.3446083788420078
-0.9657000394516196
-0.0377182870575703
1.3353812201774613
-0.05249609860560467
0.8536253866713306
0.5209977037618391
-0.39791457227866095
0.7310624549658962
0.9404529446136008
2.1646643728406367
-0.6686353254027245
-0.30062853338632606
-0.3312362726434105
-1.9925593776071566
2.1877022124160326
0.618463544460588
1.985601808194188
0.18747708676726912
0.4151093234147907
1.349466757107361
-1.612070794622212
0.25359891010030733
-1.9500399306207654
-0.005841469398835186
0.5423592951452124
-0.893679128640733
-0.23664852371474826
-0.20196922119481878
1.29269650966411
1.4756195988863074
-1.115678856095075
0.4850416683128953
1.2252331579980642
0.004700774669656718
0.6520554734502144
-0.7299773232991066
-0.8675879340110887
-1.6221232842249578
0.7212871445642739
-0.5890942705788585
1.456004639326013
1.2270434686506098
-0.14049535268192542
1.6551727914611685
1.494673233754727
-0.001831275636756981
0.2573397485383787
0.9765111241561243
-0.4393616219305609
-0.22941876945979298
0.9889020366068154
1.4995497647291134
0.7946908465272484
-0.4106313099957394
0.506322772945687
-0.7507258823438127
1.5943724320765642
-0.44396393631013154
1.4492473073755883
0.5364120298772181
-0.4115008330169421
-1.002514951171006
0.16324605758639232
1.3144349161699207
0.7851826143672156
0.09224023703292371
0.6945911270936457
0.2355992297199893
1.6118283993146423
0.4613611462044863
0.22100874390850425
-0.07192078440549514
1.6111524481751573
-0.6681218689855003
-0.2714279849542523
-1.6400249779999871
-1.570770212372033
-1.5575724073070338
-0.3349390407362473
-0.7792943875833224
0.5905342992233066
0.33292950104398744
-1.2602330016312404
0.8003692925822925
0.25998092838444536
0.7016501773158711
-0.396779248679543
1.9212216290363748
3.280423350475004
0.39914892205566826
-0.022350068751615534
-0.7136005140562592
-0.5435705644476114
1.088015765742193
-0.5672894067736288
-0.18222512902476792
1.3343672036424064
0.3275118442995822
0.2879287137796235
-0.31525541957551534
1.1852873102969552
0.6431668669646028
-2.2934632336228713
1.0452846826815596
-1.1087930179252894
1.0607422262860533
1.6429546663679344
-0.145185767826463
0.0723727873910467
-1.8781505422861586
-0.8736449698959796
1.270117215759654
1.2686652033708707
-0.005873855838925681
-0.5501938714307719
-0.726920014319189
0.6289017050645398
0.34348812756166414
1.3148840727865874
-1.5340700042447495
-2.1630304167935006
-0.1797765902992839
-1.1217961174032838
-0.7699483509106947
0.8328717796455117
-1.8386577211602981
0.30914779524006675
-0.907121676416166
2.232402530889957
-0.4014413385866964
0.3017896335116869
-0.6345260234532463
-0.18121177782290662
0.42691013994720345
0.3591093094859143
1.29521527622411
-0.4319779149625751
-0.04299084259931329
0.42145507479076905
-0.3844439088393165
-1.3735322674289625
1.087087927810867
-1.4445399139844843
-1.2474007762005281
-0.1732160534473273
-0.6370281479219025
-1.215433918937646
-0.9169476224920787
0.26939198276699405
0.4201777282921069
1.4403337581944313
-1.4848243159921821
2.1577478881211625
-0.20682243484134163
-1.3548551253574879
-0.3282697415499681
-0.038865413789471705
-0.469051639169
-0.35697371872846967
-1.01715005531674
-0.288013087714209
1.756857375839505
1.1785009024653004
0.12249140980179524
0.8147700934745272
-1.2979563948014246
-1.5734622992866096
0.17051463046667317
1.0230404143220795
0.7192298293961177
-0.18558547679399415
-1.1203895013550729
-1.8159062673995996
-1.0099175960513962
0.38344823622584817
-0.2390662638633562
-1.6043033394206812
2.210227674691993
-0.7935274099595543
-1.2386313134199076
0.39156568284994014
0.26678724810936333
-0.01752383875034929
0.03383403196621883
0.5571492154948477
-2.8862243622720722
-0.753837660778745
-0.36485677013297896
-0.536907545540247
0.893557134735578
0.7458977232749989
-0.24060223454933258
-0.7798242835627422
1.987433402937098
-0.6105359488094835
-1.2800941975628881
1.4472487773951301
-0.43204200380083146
-0.8078192264446966
-0.7250769814222712
0.2986780133105309
-0.023674418614882824
0.3776187337686926
0.6130145537599189
-1.341296777727191
-0.4773031918276925
-0.5589622272648892
2.0425525746618653
0.011831199929534846
1.0416490880482698
-1.4365975241253188
1.275862899163987
1.5631157835182976
0.16651526060217628
1.7654711078415768
0.2579825570035721
0.3422063984089818
0.35506237049420575
-1.023353112547614
-0.9429445371361878
1.479678510404471
-1.2512844794300795
1.11671100656314
1.4699584109198751
-1.2566414147661147
1.7219448084418914
-0.015065629867727299
-0.026876918929326532
